   3.9775159141940760E-007   9205561950208.0000        18058766336.000000     
   1.0119296210436097E-006   9205561950208.0000        18058766336.000000     
   1.0119296210436097E-006   9205561950208.0000        18058766336.000000     
   1.0119296210436097E-006   9205561950208.0000        18058766336.000000     
   1.0119296210436097E-006   9205561950208.0000        18058766336.000000     
   1.0119296210436097E-006   9205561950208.0000        18058766336.000000     
   1.0119296210436097E-006   9205561950208.0000        18058766336.000000     
   1.0119296210436097E-006   9205561950208.0000        18058766336.000000     
   1.0119296210436097E-006   9205561950208.0000        18058766336.000000     
   1.0119296210436097E-006   9205561950208.0000        18058766336.000000     
   1.0119296210436097E-006   9205561950208.0000        18058766336.000000     
   1.0119296210436097E-006   9205561950208.0000        18058766336.000000     
   1.0119296210436097E-006   9205561950208.0000        18058766336.000000     
   1.0119296210436097E-006   9205561950208.0000        18058766336.000000     
   1.0119296210436097E-006   9205561950208.0000        18058766336.000000     
   1.0119296210436097E-006   9205561950208.0000        18058766336.000000     
   1.0119296210436097E-006   9205561950208.0000        18058766336.000000     
   1.0119296210436097E-006   9205561950208.0000        18058766336.000000     
   1.0119296210436097E-006   9205561950208.0000        18058766336.000000     
   1.0119296210436097E-006   9205561950208.0000        18058766336.000000     
   1.0119296210436097E-006   9205561950208.0000        18058766336.000000     
   1.0119296210436097E-006   9205561950208.0000        18058766336.000000     
   1.0119296210436097E-006   9205561950208.0000        18058766336.000000     
   1.0119296210436097E-006   9205561950208.0000        18058766336.000000     
   1.0119296210436097E-006   9205561950208.0000        18058766336.000000     
   1.0119296210436097E-006   9205561950208.0000        18058766336.000000     
   1.0119296210436097E-006   9205561950208.0000        18058766336.000000     
   1.0119296210436097E-006   9205561950208.0000        18058766336.000000     
   1.0119296210436097E-006   9205561950208.0000        18058766336.000000     
   1.0119296210436097E-006   9205561950208.0000        18058766336.000000     
   1.0119296210436097E-006   9205561950208.0000        18058766336.000000     
   1.0119296210436097E-006   9205561950208.0000        18058766336.000000     
   1.0119296210436097E-006   9205561950208.0000        18058766336.000000     
   1.0119296210436097E-006   9205561950208.0000        18058766336.000000     
   1.0119296210436097E-006   9205561950208.0000        18058766336.000000     
   1.0119296210436097E-006   9205561950208.0000        18058766336.000000     
   1.0119296210436097E-006   9205561950208.0000        18058766336.000000     
   1.0119296210436097E-006   9205561950208.0000        18058766336.000000     
   1.0119296210436097E-006   9205561950208.0000        18058766336.000000     
   1.0119296210436097E-006   9205561950208.0000        18058766336.000000     
   1.0119296210436097E-006   9205561950208.0000        18058766336.000000     
   1.0119296210436097E-006   9205561950208.0000        18058766336.000000     
   1.0119296210436097E-006   9205561950208.0000        18058766336.000000     
   1.0119296210436097E-006   9205561950208.0000        18058766336.000000     
   1.0119296210436097E-006   9205561950208.0000        18058766336.000000     
   1.0119296210436097E-006   9205561950208.0000        18058766336.000000     
   1.0119296210436097E-006   9205561950208.0000        18058766336.000000     
   1.0119296210436097E-006   9205561950208.0000        18058766336.000000     
   1.0119296210436097E-006   9205561950208.0000        18058766336.000000     
   1.0119296210436097E-006   9205561950208.0000        18058766336.000000     
   1.0119296210436097E-006   9205561950208.0000        18058766336.000000     
   1.0119296210436097E-006   9205561950208.0000        18058766336.000000     
   1.0119296210436097E-006   9205561950208.0000        18058766336.000000     
