 Lyman-alpha C+ O C CO p-H2 o-H2 
   0.0000000000000000        1.1156084846908609E-019   3.3909805456508612E-019   0.0000000000000000        0.0000000000000000        2.3527080137618495E-023   1.0792037522142899E-025
   0.0000000000000000        1.1156084838682350E-019   3.2277043286543175E-019   0.0000000000000000        0.0000000000000000        2.3527062600121139E-023   1.0787207632990977E-025
   0.0000000000000000        1.1156084838682355E-019   3.2266630992325322E-019   0.0000000000000000        0.0000000000000000        2.3527051000716122E-023   1.0787029793218477E-025
   0.0000000000000000        1.1156084838682355E-019   3.2266253203583038E-019   0.0000000000000000        0.0000000000000000        2.3527075856642133E-023   1.0790433837276597E-025
   0.0000000000000000        1.1156084838682355E-019   3.2266239481325183E-019   0.0000000000000000        0.0000000000000000        2.3527038005525458E-023   1.0791206664588833E-025
   0.0000000000000000        1.1156084764357416E-019   3.2266239042895277E-019   5.5971398552960030E-029   0.0000000000000000        2.3527058644556444E-023   1.0787277563475636E-025
   0.0000000000000000        1.1156084764357416E-019   3.2266239031847738E-019   5.5971398552960030E-029   0.0000000000000000        2.3527072750927604E-023   1.0787073044166385E-025
   0.0000000000000000        1.1156084764357416E-019   3.2266239048664010E-019   5.5971398552960030E-029   0.0000000000000000        2.3527079886585881E-023   1.0789505592639904E-025
   0.0000000000000000        1.1156084764357416E-019   3.2266239036109109E-019   5.5971398552960030E-029   0.0000000000000000        2.3527074829341682E-023   1.0787277563475636E-025
   0.0000000000000000        1.1156084764357406E-019   3.2266238280918495E-019   5.5971398552960030E-029   0.0000000000000000        2.3527069122859579E-023   1.0787904325141608E-025
   0.0000000000000000        1.1156084690032469E-019   3.2266239115502147E-019   1.1194361868801870E-028   0.0000000000000000        2.3527065867851192E-023   1.0788105805103134E-025
   0.0000000000000000        1.1156084690032469E-019   3.2266239114486494E-019   1.1194361868801870E-028   0.0000000000000000        2.3527031831870513E-023   1.0788105805103134E-025
   0.0000000000000000        1.1156084690032469E-019   3.2266239124420214E-019   1.1194361868801870E-028   0.0000000000000000        2.3527072312818279E-023   1.0788105805103134E-025
   0.0000000000000000        1.1156084698258725E-019   3.3909805993245798E-019   1.1194361868801870E-028   0.0000000000000000        2.3527032593468980E-023   1.0789092518933419E-025
   0.0000000000000000        1.1156084690032469E-019   3.2323236612097433E-019   1.1194361868801870E-028   0.0000000000000000        2.3527038199065272E-023   1.0787345710552962E-025
   0.0000000000000000        1.1156084541382580E-019   3.2266251983532490E-019   2.2389051029295243E-028   0.0000000000000000        2.3527043267648427E-023   1.0787492428164303E-025
   0.0000000000000000        1.1156084541382588E-019   3.2266239789748053E-019   2.2389051029295243E-028   0.0000000000000000        2.3527082180672489E-023   1.0787186077540940E-025
   0.0000000000000000        1.1156084541382588E-019   3.2266239322900834E-019   2.2389051029295243E-028   0.0000000000000000        2.3527170448685192E-023   1.0787126034160865E-025
   0.0000000000000000        1.1156084541382588E-019   3.2266239309380994E-019   2.2389051029295243E-028   0.0000000000000000        2.3527031635559180E-023   1.0787965177742541E-025
   0.0000000000000000        1.1156084541382580E-019   3.2266244084090347E-019   2.2389051029295243E-028   0.0000000000000000        2.3527081639255281E-023   1.0787121473909036E-025
   0.0000000000000000        1.1156084252309174E-019   3.3909806521733281E-019   4.4779471148084797E-028   0.0000000000000000        2.3527590609527009E-023   1.0787297488018821E-025
   0.0000000000000000        1.1156084244082911E-019   3.2291037840555969E-019   4.4779471148084797E-028   0.0000000000000000        2.3527037249143350E-023   1.0787352150385582E-025
   0.0000000000000000        1.1156084244216234E-019   3.2970445277160296E-019   4.4779471148084797E-028   0.0000000000000000        2.3527061498770521E-023   1.0789312360551826E-025
   0.0000000000000000        1.1156084244082911E-019   3.2291040082082246E-019   4.4779471148084797E-028   0.0000000000000000        2.3527050477565018E-023   1.0787113076243465E-025
   0.0000000000000000        1.1156084244082911E-019   3.2266631036785376E-019   4.4779471148084797E-028   0.0000000000000000        2.3527047764755379E-023   1.0787394936522818E-025
   0.0000000000000000        1.1156083649483814E-019   3.2266254621012207E-019   8.9564330009366654E-028   0.0000000000000000        2.3527060606416108E-023   1.0787457995555425E-025
   0.0000000000000000        1.1156083649483814E-019   3.2266240917711031E-019   8.9564330009366654E-028   0.0000000000000000        2.3527059647767145E-023   1.0787340193174550E-025
   0.0000000000000000        1.1156083657710072E-019   3.3909807244722447E-019   8.9564330009366654E-028   0.0000000000000000        2.3527057950081620E-023   1.0789337782479056E-025
   0.0000000000000000        1.1156083649483814E-019   3.2323237873695171E-019   8.9564330009366654E-028   0.0000000000000000        2.3527073105815132E-023   1.0787069095630864E-025
   0.0000000000000000        1.1156083649483814E-019   3.2268297132017860E-019   8.9564330009366654E-028   0.0000000000000000        2.3527070446335532E-023   1.0787305952919198E-025
   0.0000000000000000        1.1156082460286599E-019   3.2266246716698400E-019   1.7914967484380029E-027   0.0000000000000000        2.3527040011113300E-023   1.0788583931735899E-025
   0.0000000000000000        1.1156082460286599E-019   3.2266242055769194E-019   1.7914967484380029E-027   0.0000000000000000        2.3527073893415358E-023   1.0787314313082507E-025
   0.0000000000000000        1.1156082460286599E-019   3.2266255575299002E-019   1.7914967484380029E-027   0.0000000000000000        2.3527080184766436E-023   1.0787314313082507E-025
   0.0000000000000000        1.1156082460288766E-019   3.2569636577148929E-019   1.7914967484380029E-027   0.0000000000000000        2.3527233494915728E-023   1.0787601055366964E-025
   0.0000000000000000        1.1156082468512853E-019   3.3909808436131797E-019   1.7914967484380029E-027   0.0000000000000000        2.3527066359259697E-023   1.0787217752438673E-025
   0.0000000000000000        1.1156080090122482E-019   3.3909811009703689E-019   3.5838159823867012E-027   0.0000000000000000        2.3527172109927872E-023   1.0787256649915395E-025
   0.0000000000000000        1.1156080081898398E-019   3.2569639414425856E-019   3.5838159828837989E-027   0.0000000000000000        2.3528974892486007E-023   1.0787007287770004E-025
   0.0000000000000000        1.1156080090122482E-019   3.3909810991424486E-019   3.5838159823867012E-027   0.0000000000000000        2.3527085612305487E-023   1.0787256649915395E-025
   0.0000000000000000        1.1156080090122482E-019   3.3909811003765055E-019   3.5838159823867012E-027   0.0000000000000000        2.3527068607831949E-023   1.0787256649915395E-025
   0.0000000000000000        1.1156080081898398E-019   3.2569639414425856E-019   3.5838159828837989E-027   0.0000000000000000        2.3527165008899156E-023   1.0787007287770004E-025
   0.0000000000000000        1.1156075325131735E-019   3.2277055944169629E-019   7.1708236942093118E-027   0.0000000000000000        2.3527051177983580E-023   1.0792930588190211E-025
   0.0000000000000000        1.1156075325131735E-019   3.2266421248163480E-019   7.1708236942093118E-027   0.0000000000000000        2.3527027921696225E-023   1.0887432649980836E-025
   0.0000000000000000        1.1156075325131737E-019   3.2266256879007165E-019   7.1708236942093118E-027   0.0000000000000000        2.3527039163417007E-023   1.0787833606426771E-025
   0.0000000000000000        1.1156075325131735E-019   3.2266250009119792E-019   7.1708236942093118E-027   0.0000000000000000        2.3527215766578116E-023   1.0789434529179376E-025
   0.0000000000000000        1.1156075325265072E-019   3.2970432355913191E-019   7.1708236945821367E-027   0.0000000000000000        2.3527063786344533E-023   1.0787162996260265E-025
   0.0000000000000000        1.1156065811669185E-019   3.2291060758276015E-019   1.4353554829677387E-026   0.0000000000000000        2.3527036214192126E-023   1.0793543492087106E-025
   0.0000000000000000        1.1156065811669187E-019   3.2267160337879189E-019   1.4353554829677387E-026   0.0000000000000000        2.3527028375713135E-023   1.0788359961513020E-025
   0.0000000000000000        1.1156065811669187E-019   3.2266295109641513E-019   1.4353554829677387E-026   0.0000000000000000        2.3527029275560320E-023   1.0787292644567794E-025
   0.0000000000000000        1.1156065811669187E-019   3.2266263594115536E-019   1.4353554829677387E-026   0.0000000000000000        2.3527074436746479E-023   1.0789862206920633E-025
   0.0000000000000000        1.1156065819895397E-019   3.3909826449129204E-019   1.4353554828807469E-026   0.0000000000000000        2.3527048243520983E-023   1.0787283523407350E-025
   0.0000000000000000        1.1156046785018758E-019   3.2323282245234618E-019   2.8749027280452083E-026   0.0000000000000000        2.3527023010748167E-023   1.0787319792663775E-025
   0.0000000000000000        1.1156046793244925E-019   3.3909847147064463E-019   2.8749027280452083E-026   0.0000000000000000        2.3527060609303742E-023   1.0847184717520174E-025
   0.0000000000000000        1.1156046785018758E-019   3.2323282963673037E-019   2.8749027280452083E-026   0.0000000000000000        2.3527019666025094E-023   1.0788155068421543E-025
   0.0000000000000000        1.1156046785018758E-019   3.2268342571878134E-019   2.8749027280452083E-026   0.0000000000000000        2.3527011918004125E-023   1.0788155068421543E-025
   0.0000000000000000        1.1156046785018758E-019   3.2266360667627892E-019   2.8749027280452083E-026   0.0000000000000000        2.3527012834345151E-023   1.0788155068421543E-025
   0.0000000000000000        1.1156008741092827E-019   3.3909888253157670E-019   5.7632104497287347E-026   0.0000000000000000        2.3527011036823456E-023   1.0827995392950677E-025
   0.0000000000000000        1.1156008732866752E-019   3.2323329487851066E-019   5.7632104497287336E-026   0.0000000000000000        2.3527014289436334E-023   1.0787305313550080E-025
   0.0000000000000000        1.1156008732866752E-019   3.2268391184990736E-019   5.7632104497287336E-026   0.0000000000000000        2.3527032193570231E-023   1.0787305313550080E-025
   0.0000000000000000        1.1156008732866752E-019   3.2266407605442921E-019   5.7632104497287336E-026   0.0000000000000000        2.3527008898652866E-023   1.0787305313550080E-025
   0.0000000000000000        1.1156008732866752E-019   3.2266335531313828E-019   5.7632104497287336E-026   0.0000000000000000        2.3527066538893953E-023   1.0787305313550080E-025
   0.0000000000000000        1.1155932633465698E-019   3.2266423366103228E-019   1.1560772137438100E-025   0.0000000000000000        2.3526984249835348E-023   1.0787310145524127E-025
   0.0000000000000000        1.1155932641691624E-019   3.3909970671672570E-019   1.1560772137438100E-025   0.0000000000000000        2.3526961755182724E-023   1.0787959155624205E-025
   0.0000000000000000        1.1155932633599052E-019   3.2970597146516182E-019   1.1560772137438100E-025   0.0000000000000000        2.3526981862952953E-023   1.0787046927353428E-025
   0.0000000000000000        1.1155932633465737E-019   3.2291224709131483E-019   1.1560772137438100E-025   0.0000000000000000        2.3526955531459387E-023   1.0787476850643306E-025
   0.0000000000000000        1.1155932641691624E-019   3.3909970671036358E-019   1.1560772137438100E-025   0.0000000000000000        2.3526990327984961E-023   1.0787142930010299E-025
   0.0000000000000000        1.1155780463725841E-019   3.3910135552673151E-019   2.3184223141908466E-025   0.0000000000000000        2.3526886858884789E-023   1.0787438230126783E-025
   0.0000000000000000        1.1155780455500324E-019   3.2323614723434619E-019   2.3184223143499181E-025   0.0000000000000000        2.3526925020802485E-023   1.0786853746142656E-025
   0.0000000000000000        1.1155780463725841E-019   3.3910135521188983E-019   2.3184223141908466E-025   0.0000000000000000        2.3526885720255225E-023   1.0786956637132173E-025
   0.0000000000000000        1.1155780455500324E-019   3.2291414030539163E-019   2.3184223141908466E-025   0.0000000000000000        2.3526879623748463E-023   1.0787030428252161E-025
   0.0000000000000000        1.1155780455500324E-019   3.2267512254666101E-019   2.3184223143499181E-025   0.0000000000000000        2.3526913525382900E-023   1.0787208950036663E-025
   0.0000000000000000        1.1155476186648765E-019   3.2266992356574534E-019   4.6441084285916815E-025   0.0000000000000000        2.3526724732688277E-023   1.0787554094804467E-025
   0.0000000000000000        1.1155476186648765E-019   3.2266990000253178E-019   4.6441084272793256E-025   0.0000000000000000        2.3526739993766721E-023   1.0787707420915648E-025
   0.0000000000000000        1.1155476186650922E-019   3.2570360197477349E-019   4.6441087607316722E-025   0.0000000000000000        2.3526818984763388E-023   1.0788922808831478E-025
   0.0000000000000000        1.1155476186648765E-019   3.2277793872196915E-019   4.6441084272793256E-025   0.0000000000000000        2.3526739968253616E-023   1.0786995317290717E-025
   0.0000000000000000        1.1155476186648765E-019   3.2267160361114056E-019   4.6441084277963172E-025   0.0000000000000000        2.3526743986681574E-023   1.0788164408569343E-025
   0.0000000000000000        1.1154868009258304E-019   3.2267719696032181E-019   9.2926430208830877E-025   0.0000000000000000        2.3526432381019628E-023   1.0787655862045321E-025
   0.0000000000000000        1.1154868009258583E-019   3.2267740061474312E-019   9.2926430208830877E-025   0.0000000000000000        2.3526452428590255E-023   1.0787122265887496E-025
   0.0000000000000000        1.1154868009391850E-019   3.2971827803386387E-019   9.2926430212012316E-025   0.0000000000000000        2.3526970655391781E-023   0.0000000000000000     
   0.0000000000000000        1.1154868009258583E-019   3.2292533462107746E-019   9.2926430208830877E-025   0.0000000000000000        2.3526457121360140E-023   1.0787078889688100E-025
   0.0000000000000000        1.1154868009391850E-019   3.2971827820812986E-019   9.2926430212012316E-025   0.0000000000000000        2.3526427677983595E-023   1.0797114276513306E-025
   0.0000000000000000        1.1153653136708797E-019   3.2280019172759330E-019   1.8577550192340872E-024   0.0000000000000000        2.3525828726114751E-023   1.0787096478832761E-025
   0.0000000000000000        1.1153653136708807E-019   3.2269412495155921E-019   1.8577550192340872E-024   0.0000000000000000        2.3525947835137980E-023   1.0787456391338032E-025
   0.0000000000000000        1.1153653136708807E-019   3.2269248733232957E-019   1.8577550191432288E-024   0.0000000000000000        2.3526231916672200E-023   1.0787497212272645E-025
   0.0000000000000000        1.1153653144929261E-019   3.3912442866000568E-019   1.8577546671377750E-024   0.0000000000000000        2.3525824700565468E-023   1.0786482528398595E-025
   0.0000000000000000        1.1153653136708807E-019   3.2326214994364142E-019   1.8577550191432288E-024   0.0000000000000000        2.3525871269978290E-023   1.0786593563401664E-025
   0.0000000000000000        1.1151229396648235E-019   3.2274190830164399E-019   3.7099480433756980E-024   0.0000000000000000        2.3524627996928504E-023   1.0786692151258850E-025
   0.0000000000000000        1.1151229396649344E-019   3.2272315938071914E-019   3.7099480433756980E-024   0.0000000000000000        2.3524765208721603E-023   1.0787302495367543E-025
   0.0000000000000000        1.1151229396649344E-019   3.2272247793282549E-019   3.7099480433756980E-024   0.0000000000000000        2.3524693529238162E-023   1.0786824706605239E-025
   0.0000000000000000        1.1151229396649344E-019   3.2272245345140691E-019   3.7099480433756980E-024   0.0000000000000000        2.3524632504686258E-023   1.0788291096602125E-025
   0.0000000000000000        1.1151229396649344E-019   3.2272245222300893E-019   3.7099480433756980E-024   0.0000000000000000        2.3524635777112053E-023   1.0786117667528199E-025
   0.0000000000000000        1.1146405895075524E-019   3.2278029901447190E-019   7.3953819963467686E-024   0.0000000000000000        2.3522197310123448E-023   1.0786065527381192E-025
   0.0000000000000000        1.1146405895077741E-019   3.2278244146904664E-019   7.3953819963467686E-024   0.0000000000000000        2.3522241194585891E-023   1.0785418807876362E-025
   0.0000000000000000        1.1146405895077741E-019   3.2278248296585795E-019   7.3953819963467686E-024   0.0000000000000000        2.3522227080492632E-023   1.0786583742001603E-025
   0.0000000000000000        1.1146405895077741E-019   3.2278248406529023E-019   7.3953819963467686E-024   0.0000000000000000        2.3522250752421504E-023   1.0785274261543014E-025
   0.0000000000000000        1.1146405895077741E-019   3.2278248379542676E-019   7.3953819963467686E-024   0.0000000000000000        2.3522199549619538E-023   1.0784761612996882E-025
   0.0000000000000000        1.1136853860893835E-019   3.2289809080919775E-019   1.4691729089699069E-023   0.0000000000000000        2.3517398017290768E-023   1.0784971699372966E-025
   0.0000000000000000        1.1136853860898262E-019   3.2290229575670116E-019   1.4691729089699069E-023   0.0000000000000000        2.3517367751630625E-023   1.0783822858282642E-025
   0.0000000000000000        1.1136853869078628E-019   3.3930883539808025E-019   1.4691779405495459E-023   0.0000000000000000        2.3517384504787072E-023   1.1210378556819922E-025
   0.0000000000000000        1.1136853860898262E-019   3.2347043725308937E-019   1.4691729089699069E-023   0.0000000000000000        2.3517379086774485E-023   1.0782656358558346E-025
   0.0000000000000000        1.1136853860898262E-019   3.2292290753079105E-019   1.4691729089699069E-023   0.0000000000000000        2.3517376305096385E-023   1.0786093383920256E-025
   0.0000000000000000        1.1118122187027499E-019   3.2313406790091324E-019   2.8994057778265862E-023   0.0000000000000000        2.3507781643850007E-023   1.0778653588238170E-025
   0.0000000000000000        1.1118122187036305E-019   3.2314173977419043E-019   2.8994057778265862E-023   0.0000000000000000        2.3507724587507397E-023   1.0779540133058898E-025
   0.0000000000000000        1.1118122187036305E-019   3.2314201800922381E-019   2.8994057778265862E-023   0.0000000000000000        2.3507740923882489E-023   1.0779540133058898E-025
   0.0000000000000000        1.1118122187036305E-019   3.2314202808997891E-019   2.8994057778265862E-023   0.0000000000000000        2.3507789458699478E-023   1.0779540133058898E-025
   0.0000000000000000        1.1118122187038431E-019   3.2616034785547429E-019   2.8994057778265862E-023   0.0000000000000000        2.3507763880965037E-023   1.0780073901499221E-025
   0.0000000000000000        1.1082090986342644E-019   3.2370923877074439E-019   5.6507281478763584E-023   0.0000000000000000        2.3488427324097987E-023   1.0769667336374241E-025
   0.0000000000000000        1.1082090986360032E-019   3.2361998351577659E-019   5.6507768857217392E-023   0.0000000000000000        2.3488446434304769E-023   1.0772070992152361E-025
   0.0000000000000000        1.1082090986360035E-019   3.2361973913798617E-019   5.6507281478763584E-023   0.0000000000000000        2.3488453531869282E-023   1.0769646640521410E-025
   0.0000000000000000        1.1082090986360035E-019   3.2361973038204044E-019   5.6507281478763584E-023   0.0000000000000000        2.3488428181504128E-023   1.0769517436482629E-025
   0.0000000000000000        1.1082090994406582E-019   3.3993870744638203E-019   5.6507342512717779E-023   0.0000000000000000        2.3488469442928392E-023   1.0769353452068456E-025
   0.0000000000000000        1.1015339138699500E-019   3.4077308369227088E-019   1.0766365739436594E-022   0.0000000000000000        2.3449878574221733E-023   1.0752603299924015E-025
   0.0000000000000000        1.1015339138699500E-019   3.4077308371612121E-019   1.0766365739436594E-022   0.0000000000000000        2.3449903086547380E-023   1.0752648161628290E-025
   0.0000000000000000        1.1015339130823362E-019   3.2512387991238756E-019   1.0766365739436594E-022   0.0000000000000000        2.3449872578867332E-023   1.0752422135344207E-025
   0.0000000000000000        1.1015339130823357E-019   3.2457825927072717E-019   1.0766365739436594E-022   0.0000000000000000        2.3449873405771863E-023   2.0806037884543667E-025
   0.0000000000000000        1.1015339138699500E-019   3.4077308353675445E-019   1.0766365739436594E-022   0.0000000000000000        2.3449883090509738E-023   1.0755067568196265E-025
   0.0000000000000000        1.0900318830418636E-019   3.2653872817939617E-019   1.9762828978914393E-022   4.2439051013608579E-023   2.3372996821318176E-023   1.0717410798948615E-025
   0.0000000000000000        1.0900318837977952E-019   3.4242512918667416E-019   1.9762841592647346E-022   4.2471955243050658E-023   2.3373375638846740E-023   1.0716338446051742E-025
   0.0000000000000000        1.0900318837977952E-019   3.4242512956987581E-019   1.9762841592647346E-022   0.0000000000000000        2.3373269157817971E-023   1.0716191442126991E-025
   0.0000000000000000        1.0900318830539835E-019   3.3325244024889970E-019   1.9762824697047015E-022   0.0000000000000000        2.3373013273470807E-023   1.0716323223933938E-025
   0.0000000000000000        1.0900318830418648E-019   3.2654948561285978E-019   1.9762834804480734E-022   4.2439047881970206E-023   2.3373012571696245E-023   1.0716691656266750E-025
   0.0000000000000000        1.0728205241703349E-019   3.3001178650327259E-019   3.4041025250593346E-022   1.0882395358914347E-022   2.3220086823399773E-023   1.0646124636793567E-025
   0.0000000000000000        1.0728205241823914E-019   3.3013193559338043E-019   3.4041025250593346E-022   1.0882364058748113E-022   2.3220014960611782E-023   1.0646986698858062E-025
   0.0000000000000000        1.0728205241934956E-019   3.3671357443061719E-019   3.4041025251204179E-022   1.0884462363518497E-022   2.3220017962574089E-023   1.0646328313033969E-025
   0.0000000000000000        1.0728205241823914E-019   3.3035518457035227E-019   3.4041025250593346E-022   1.0882372925350094E-022   2.3220106297689896E-023   1.0646031813295447E-025
   0.0000000000000000        1.0728205248825760E-019   3.4567281327223416E-019   3.4041025251204179E-022   1.0890931347096220E-022   2.3220016922304073E-023   1.0654489796341698E-025
   0.0000000000000000        1.0528979720323332E-019   3.3786998557438394E-019   5.1362450033693578E-022   1.8937908401214764E-022   2.2917292298060226E-023   1.0508598612591955E-025
   0.0000000000000000        1.0528979733846161E-019   3.3728049469286961E-019   5.1362552213463880E-022   1.8937169158763316E-022   2.2917289188184991E-023   1.0507166502208915E-025
   0.0000000000000000        1.0528979733846161E-019   3.3726147142082872E-019   5.1362726085801767E-022   1.8937166703576710E-022   2.2917310730595690E-023   1.0507517326648179E-025
   0.0000000000000000        1.0528979733846161E-019   3.3726110282398282E-019   5.1362552213463880E-022   1.8937166702341073E-022   2.2917371112649585E-023   1.0507557541413547E-025
   0.0000000000000000        1.0528979739940489E-019   3.5197436902767519E-019   5.1362632480556847E-022   1.8952525382850437E-022   2.2917294719928928E-023   1.0507000539525042E-025
   0.0000000000000000        1.5745143197627747E-019   1.5460251745679284E-018   7.7286399620309017E-022   5.2827462925743863E-022   4.9795857272383728E-022   8.7978009956054422E-023
   0.0000000000000000        1.5745141729423974E-019   1.5396213963141019E-018   7.7286399407618906E-022   5.2806865338882705E-022   4.9795856911547709E-022   8.7978010669971367E-023
   0.0000000000000000        1.5745141729416935E-019   1.5391721500592323E-018   7.7286399385221394E-022   5.2806561466328923E-022   4.9795857604752179E-022   8.7977991652449200E-023
   0.0000000000000000        1.5745141729416935E-019   1.5391391028251861E-018   7.7286399385221394E-022   5.2806556809614494E-022   4.9795895912308152E-022   8.7977986590185635E-023
   0.0000000000000000        1.5745141729416935E-019   1.5391366430422065E-018   7.7286399385221394E-022   5.2806556763179138E-022   4.9795856316229814E-022   8.7978010817357047E-023
   0.0000000000000000        2.0588279642609536E-019   5.7736424509583586E-018   9.2003047625672974E-022   1.1503335711775454E-021   4.1282587866262279E-020   1.0856446413879226E-019
   0.0000000000000000        2.0588279628984246E-019   5.7706045636472654E-018   9.2003112867673782E-022   1.1502491173470519E-021   4.1282139003556254E-020   1.0856275839961403E-019
   0.0000000000000000        2.0588279628984241E-019   5.7705120531211867E-018   9.2003281023661569E-022   1.1502487605376298E-021   4.1282123973432839E-020   1.0856275219788402E-019
   0.0000000000000000        2.0588279628984241E-019   5.7705089415831448E-018   9.2003281023661569E-022   1.1502487611936592E-021   4.1282123442296731E-020   1.0856275210959149E-019
   0.0000000000000000        2.0588279628984241E-019   5.7705088349349521E-018   9.2003281023661569E-022   1.1502487612351256E-021   4.1282123427087349E-020   1.0856275214877851E-019
   1.2632640475857424E-178   2.5242656860364441E-019   1.9873441178990895E-017   8.9632097018827699E-022   3.4981402064491301E-021   2.1123806027731493E-019   6.5450230763113017E-019
   1.2632640475857424E-178   2.5242656860364407E-019   1.9873096638152174E-017   8.9632097012312169E-022   3.4981302569418071E-021   2.1123784959622373E-019   6.5450059011695918E-019
   1.2632640475857424E-178   2.5242656860364407E-019   1.9873095676848438E-017   8.9632097012312169E-022   3.4981302577123927E-021   2.1123784953063053E-019   6.5450058950637304E-019
   1.2632640475857424E-178   2.5242656860364407E-019   1.9873095674482345E-017   8.9632097012312169E-022   3.4981302577611797E-021   2.1123784952571601E-019   6.5450058949334875E-019
   1.2632640475857424E-178   2.5242656860364407E-019   1.9873095674284831E-017   8.9632097012312169E-022   3.4981302577641807E-021   2.1123784952401421E-019   6.5450058948949072E-019
   5.2225463738319427E-038   2.8032499914235666E-019   3.7672485916926871E-017   1.5641173058675859E-021   1.2578561558347944E-019   3.5168258952880254E-016   1.1210373614011158E-015
   5.2225463738319427E-038   2.8032499914235666E-019   3.7692037680796675E-017   1.5630185216776302E-021   1.2506889486375127E-019   3.5168258355256345E-016   1.1210373568377918E-015
   5.2225463738319427E-038   2.8032499914235666E-019   3.7696207691976105E-017   1.5718922126642043E-021   1.2575093810404259E-019   3.5168268310248905E-016   1.1210374699735596E-015
   5.2225463738319427E-038   2.8032499914235666E-019   5.2894114749910268E-017   1.5630356125133979E-021   1.2572378557021512E-019   3.5168258359337710E-016   1.1210373568464777E-015
   5.2225463738319427E-038   2.8032499914235666E-019   3.7684823933167564E-017   1.5630185658690492E-021   1.2579874840472401E-019   3.5168258355258041E-016   1.1210373568378594E-015
   2.2349538734897788E-040   1.6165114777882717E-021   6.4514300681727171E-018   9.1151421324203183E-021   1.8213912096742427E-017   2.3990507941274639E-016   7.5904446222142175E-016
   2.2349538734897788E-040   1.6165114777882717E-021   6.4510621186258595E-018   9.1041754817619668E-021   1.8266344628595449E-017   2.3990507796379350E-016   7.5904446190258744E-016
   2.2349538734897788E-040   1.6165114777882717E-021   6.4510403675597612E-018   9.1041766500322311E-021   1.8250003000210959E-017   2.3990507796379508E-016   7.5904446190252098E-016
   2.2349538734897788E-040   1.6165114777882717E-021   6.4510446480689111E-018   9.1041770655101670E-021   1.8273930323534041E-017   2.3990507796378817E-016   7.5904446190255253E-016
   2.2349538734897788E-040   1.6165114777882717E-021   6.4510571451979467E-018   9.1041769781233662E-021   1.8249689300488360E-017   2.3990507796379503E-016   7.5904446190255441E-016
   1.9759807915167519E-041   7.4723793143390159E-021   2.0468798080320536E-017   7.6087019638593762E-021   1.0584291808787809E-017   1.0408188591908804E-016   3.2757000784108641E-016
   1.9759807915167519E-041   7.4723793143390159E-021   2.0468798089840929E-017   7.6087019701469446E-021   1.0602648653724953E-017   1.0408188591908663E-016   3.2757000784108044E-016
   1.9759807915167519E-041   7.4723793143390159E-021   2.0468798089841628E-017   7.6087029861394488E-021   1.0589852178447065E-017   1.0408188591908790E-016   3.2757000784107872E-016
   1.9759807915167519E-041   7.4723793143390159E-021   2.0468798089893875E-017   7.6087000770952334E-021   1.0519274674281128E-017   1.0408188591909210E-016   3.2757000784107709E-016
   1.9759807915167519E-041   7.4723793143390159E-021   2.0468878860281810E-017   7.6338483281971497E-021   1.0613306454579017E-017   1.0408188775939203E-016   3.2757000812379942E-016
   4.5626248265577355E-043   7.6175981640786642E-020   3.2693719119959510E-017   6.8315216683880512E-021   1.9830644505541621E-018   2.0842001468795990E-017   6.5780729857724188E-017
   4.5626248265577355E-043   7.6175981640786642E-020   3.2693817531300026E-017   6.8729158192596698E-021   1.9863275069962410E-018   2.0842002753703405E-017   6.5780730418623249E-017
   4.5626248265577355E-043   7.6175981640786642E-020   3.2693719104310149E-017   6.8315165243195335E-021   1.9746606035697624E-018   2.0842001468712759E-017   6.5780729857727516E-017
   4.5626248265577355E-043   7.6175981640786642E-020   3.2693817531375695E-017   6.8729158192596698E-021   1.9863251388539446E-018   2.0842002753703405E-017   6.5780730418623249E-017
   4.5626248265577355E-043   7.6175981640786642E-020   3.2693719104523585E-017   6.8315165243195335E-021   1.9714280223179801E-018   2.0842001468712759E-017   6.5780729857727516E-017
   1.5785303485903565E-046   1.6754042773648185E-019   3.5331177969588260E-017   3.4882696054426884E-021   4.7585466194880864E-019   4.0426056381324133E-018   1.2943588558861625E-017
   1.5785303485903565E-046   1.6754042773648185E-019   3.5331177969866648E-017   3.4882698125119955E-021   4.7575929583061462E-019   4.0426056381323394E-018   1.2943588558860471E-017
   1.5785303485903565E-046   1.6754042773648185E-019   3.5331177969697345E-017   3.4882703134727720E-021   3.5496522623163586E-019   4.0426056381330258E-018   1.2943588558862867E-017
   1.5785303485903565E-046   1.6754042773648185E-019   3.5331177969787632E-017   3.4882706477442036E-021   4.7428822997278472E-019   4.0426056381325797E-018   1.2943588558861992E-017
   1.5785303485903565E-046   1.6754042773648185E-019   3.5331177969868090E-017   3.4882695186743835E-021   4.7572467950736279E-019   4.0426056381321822E-018   1.2943588558860292E-017
   6.4977838697132719E-046   1.6088975656086290E-019   3.5008033724877267E-017   3.5702642300072667E-021   5.9389986194502122E-019   5.1588138009191607E-018   1.6479981079485582E-017
   6.4977838697132719E-046   1.6088975656086290E-019   3.5008033724415784E-017   3.5702644397887330E-021   5.8492546222241858E-019   5.1588138176087281E-018   1.6479981103023928E-017
   6.4977838697132719E-046   1.6088975656086290E-019   3.5008033724699595E-017   3.5702645867145739E-021   5.9310054659851133E-019   5.1588138176080085E-018   1.6479981103025287E-017
   6.4977838697132719E-046   1.6088975656086290E-019   3.5008033724948037E-017   3.5702647587833452E-021   5.9387026287756760E-019   5.1588138176082674E-018   1.6479981103024895E-017
   6.4977838697132719E-046   1.6088975656086290E-019   3.5008033724481839E-017   3.5702648699471308E-021   5.9397157367365215E-019   5.1588138176090678E-018   1.6479981103026874E-017
   4.9265583440051932E-046   1.6276656861401292E-019   3.5084335778196921E-017   3.5263940095182304E-021   5.6200345129750756E-019   4.8561034560546449E-018   1.5521593608707925E-017
   4.9265583440051932E-046   1.6276656861401292E-019   3.5084335780636436E-017   3.5263942826448431E-021   5.6539102626270098E-019   4.8561034560551094E-018   1.5521593608709906E-017
   4.9265583440051932E-046   1.6276656861401292E-019   3.5084335780062158E-017   3.5263936827080674E-021   5.6582243178613470E-019   4.8561034560554908E-018   1.5521593608707613E-017
   4.9265583440051932E-046   1.6276656861401292E-019   3.5084335780013100E-017   3.5263946984386029E-021   5.6578648148506030E-019   4.8561034560544723E-018   1.5521593608707238E-017
   4.9265583440051932E-046   1.6276656861401294E-019   3.5084336122206336E-017   3.5265341914658646E-021   5.6453843205992427E-019   4.8561034577419914E-018   1.5521593610072478E-017
   5.0540258426633234E-046   1.6249194862986240E-019   3.5070696549827646E-017   3.5293512476629355E-021   5.7019590048773613E-019   4.8915358743422916E-018   1.5634032630160224E-017
   5.0540258426633234E-046   1.6249194862986240E-019   3.5070696530148112E-017   3.5293505701197135E-021   5.6288759651020345E-019   4.8915358249257318E-018   1.5634032560159194E-017
   5.0540258426633234E-046   1.6249194862986240E-019   3.5070696530730131E-017   3.5293501589977151E-021   5.7018734563378773E-019   4.8915358249248282E-018   1.5634032560159471E-017
   5.0540258426633234E-046   1.6249194862986240E-019   3.5070696530458670E-017   3.5293498104711662E-021   5.7019980131617012E-019   4.8915358249249376E-018   1.5634032560159909E-017
   5.0540258426633234E-046   1.6249194862986240E-019   3.5070696530262706E-017   3.5293498947847967E-021   5.7023263518715686E-019   4.8915358249245285E-018   1.5634032560162855E-017
   5.0405201155874677E-046   1.6243756129425560E-019   3.5069535250116522E-017   3.5309674829892419E-021   5.6961922283208685E-019   4.8916194231333995E-018   1.5634375638714472E-017
   5.0405201155874677E-046   1.6243756129425560E-019   3.5069535255291449E-017   3.5309671213464112E-021   5.7057602707339103E-019   4.8916194231338864E-018   1.5634375638715369E-017
   5.0405201155874677E-046   1.6243756129425560E-019   3.5069535255280954E-017   3.5309666154170393E-021   5.7050478013286799E-019   4.8916194231336722E-018   1.5634375638716111E-017
   5.0405201155874677E-046   1.6243756129425560E-019   3.5069535254914559E-017   3.5309675261441853E-021   5.6961808281901127E-019   4.8916194231334758E-018   1.5634375638714638E-017
   5.0405201155874677E-046   1.6243756129425560E-019   3.5069535255188454E-017   3.5309667665852615E-021   5.7037930860381594E-019   4.8916194231332470E-018   1.5634375638714987E-017
   4.8600276744623711E-046   1.6242562719559613E-019   3.5067204471790706E-017   3.5269444353077091E-021   5.6766700046352598E-019   4.8679532366715786E-018   1.5559843290264672E-017
   4.8600276744623711E-046   1.6242562719559609E-019   3.5067204306192249E-017   3.5268726038305157E-021   5.7037247212335496E-019   4.8679532360850274E-018   1.5559843289817027E-017
   4.8600276744623711E-046   1.6242562719559613E-019   3.5067204306196643E-017   3.5268734148496361E-021   5.6961590269727769E-019   4.8679532360850012E-018   1.5559843289816639E-017
   4.8600276744623711E-046   1.6242562719559609E-019   3.5067204305789221E-017   3.5268737712994593E-021   5.7031418185430823E-019   4.8679532360855205E-018   1.5559843289817126E-017
   4.8600276744623711E-046   1.6242562719559609E-019   3.5067204306419786E-017   3.5268731867901588E-021   5.6435744170706342E-019   4.8679532360852886E-018   1.5559843289818814E-017
   4.9123931841039023E-046   1.6238977154347746E-019   3.5065844977842769E-017   3.5281693144893777E-021   5.6753205395295904E-019   4.8774583157227141E-018   1.5589894183301705E-017
   4.9123931841039023E-046   1.6238977154347746E-019   3.5065844964687164E-017   3.5281686563642601E-021   5.7097802641131727E-019   4.8774583157232241E-018   1.5589894183301504E-017
   4.9123931841039023E-046   1.6238977154347746E-019   3.5065844965212601E-017   3.5281688951423441E-021   5.6917287721428025E-019   4.8774583157240530E-018   1.5589894183302648E-017
   4.9123931841039023E-046   1.6238977154347746E-019   3.5065844965284338E-017   3.5281681819192529E-021   5.7188056207280415E-019   4.8774583157233181E-018   1.5589894183301301E-017
   4.9123931841039023E-046   1.6238977154347746E-019   3.5065844964190465E-017   3.5281693568032126E-021   5.7090805634320949E-019   4.8774583157238296E-018   1.5589894183304521E-017
   5.0366107037554402E-046   1.6238932794456211E-019   3.5067393200238074E-017   3.5313905210265471E-021   5.7113705509965617E-019   4.8938647634119085E-018   1.5641570310049213E-017
   5.0366107037554402E-046   1.6238932794456211E-019   3.5067393238170352E-017   3.5313916313963006E-021   5.7109056542748947E-019   4.8938647867510764E-018   1.5641570343120007E-017
   5.0366107037554402E-046   1.6238932794456211E-019   3.5067393238369928E-017   3.5313925626086870E-021   5.7108099095718924E-019   4.8938647867506288E-018   1.5641570343117104E-017
   5.0366107037554402E-046   1.6238932794456211E-019   3.5067393237531104E-017   3.5313917184243329E-021   5.6415834538808789E-019   4.8938647867504863E-018   1.5641570343117566E-017
   5.0366107037554402E-046   1.6238932794456211E-019   3.5067393238246637E-017   3.5313918047822590E-021   5.7102460552735133E-019   4.8938647867501989E-018   1.5641570343117045E-017
   5.0944539670096242E-046   1.6241304195765188E-019   3.5069283697211143E-017   3.5327506880753673E-021   5.7080285940328219E-019   4.8998635423923702E-018   1.5660396235584594E-017
   5.0944539670096242E-046   1.6241304195765188E-019   3.5069283692392713E-017   3.5327507587961506E-021   5.7081182995914668E-019   4.8998635501270959E-018   1.5660396246539838E-017
   5.0944539670096242E-046   1.6241304195765188E-019   3.5069283692786872E-017   3.5327518510967353E-021   5.1185158683450224E-019   4.8998635501268140E-018   1.5660396246539210E-017
   5.0944539670096242E-046   1.6241304195765188E-019   3.5069283692856126E-017   3.5327506198700329E-021   5.6211185229961924E-019   4.8998635501269064E-018   1.5660396246538658E-017
   5.0944539670096242E-046   1.6241304195765188E-019   3.5069283692363944E-017   3.5327519414404494E-021   5.7070004435485502E-019   4.8998635501269611E-018   1.5660396246539623E-017
   4.9194020515437613E-046   1.6242981655815319E-019   3.5068214865099975E-017   3.5284613997152608E-021   5.7027233497756035E-019   4.8756164877917914E-018   1.5583968329183459E-017
   4.9194020515437613E-046   1.6242981655815319E-019   3.5068214857987352E-017   3.5284587256585893E-021   5.6484428584004762E-019   4.8756164401978585E-018   1.5583968261733109E-017
   4.9194020515437613E-046   1.6242981655815319E-019   3.5068214857757738E-017   3.5284580080080478E-021   5.7024014914492536E-019   4.8756164401983862E-018   1.5583968261733596E-017
   4.9194020515437613E-046   1.6242981655815319E-019   3.5068214857755655E-017   3.5284587179923530E-021   5.7028438065461783E-019   4.8756164401981251E-018   1.5583968261734779E-017
   4.9194020515437613E-046   1.6242981655815319E-019   3.5068214857861024E-017   3.5284582992394296E-021   5.6679086607079026E-019   4.8756164401984494E-018   1.5583968261733587E-017
   5.0628302591393841E-046   1.6240293560131369E-019   3.5068105487991887E-017   3.5317105227969438E-021   5.7096056894438277E-019   4.8966810104804858E-018   1.5650413909752362E-017
   5.0628302591393841E-046   1.6240293560131369E-019   3.5068105476957023E-017   3.5317083387134854E-021   5.7098769384234753E-019   4.8966809690311585E-018   1.5650413851037818E-017
   5.0628302591393841E-046   1.6240293560131369E-019   3.5068105476469101E-017   3.5317094465329555E-021   5.7099539503226337E-019   4.8966809690310445E-018   1.5650413851037214E-017
   5.0628302591393841E-046   1.6240293560131369E-019   3.5068105477163680E-017   3.5317084228945629E-021   5.6994627649685279E-019   4.8966809690314967E-018   1.5650413851038887E-017
   5.0628302591393841E-046   1.6240293560131369E-019   3.5068105476774045E-017   3.5317080275896275E-021   5.7097451929763317E-019   4.8966809690311015E-018   1.5650413851039189E-017
   4.8880369921726240E-046   1.6241842199815398E-019   3.5067393132607969E-017   3.5278335607066096E-021   5.7025080926316975E-019   4.8720007751064089E-018   1.5572604937105447E-017
   4.8880369921726240E-046   1.6241842199815398E-019   3.5067393123441060E-017   3.5278329282311805E-021   5.7034438030684119E-019   4.8720007506180802E-018   1.5572604902390520E-017
   4.8880369921726240E-046   1.6241842199815398E-019   3.5067393123945629E-017   3.5278324384519071E-021   5.6163052153221013E-019   4.8720007506188144E-018   1.5572604902391688E-017
   4.8880369921726240E-046   1.6241842199815398E-019   3.5067393123399084E-017   3.5278325596257422E-021   5.7028745965149832E-019   4.8720007506175201E-018   1.5572604902390643E-017
   4.8880369921726240E-046   1.6241842199815398E-019   3.5067393123242150E-017   3.5278333479872515E-021   5.7036193985545205E-019   4.8720007506186557E-018   1.5572604902392347E-017
   4.9993265898037941E-046   1.6239473658658507E-019   3.5067049300849864E-017   3.5302633988173099E-021   5.7031210524487578E-019   4.8887877684822945E-018   1.5625571101243723E-017
   4.9993265898037941E-046   1.6239473658658507E-019   3.5067049337506967E-017   3.5302643808437058E-021   5.7107096387339550E-019   4.8887877684726872E-018   1.5625571101234780E-017
   4.9993265898037941E-046   1.6239473658658507E-019   3.5067049337327692E-017   3.5302636245814632E-021   5.6966843221241696E-019   4.8887877684723405E-018   1.5625571101235643E-017
   4.9993265898037941E-046   1.6239473658658507E-019   3.5067049337688177E-017   3.5302635972467207E-021   5.7092123048267092E-019   4.8887877684724068E-018   1.5625571101235295E-017
   4.9993265898037941E-046   1.6239473658658507E-019   3.5067049337408710E-017   3.5302642950423389E-021   5.7108514956693158E-019   4.8887877684728266E-018   1.5625571101235276E-017
   5.3212828199474749E-046   1.6240773683678902E-019   3.5071238985471931E-017   3.5378776622159148E-021   5.6515060525867006E-019   4.9292189275304632E-018   1.5752874776922105E-017
   5.3212828199474749E-046   1.6240773683678902E-019   3.5071238983294138E-017   3.5378778721683796E-021   5.7120250681740347E-019   4.9292189275300918E-018   1.5752874776921821E-017
   5.3212828199474749E-046   1.6240773683678902E-019   3.5071238983089010E-017   3.5378777776211797E-021   5.7125974334030316E-019   4.9292189275306989E-018   1.5752874776917464E-017
   5.3212828199474749E-046   1.6240773683678902E-019   3.5071238983088936E-017   3.5378779690593911E-021   5.7127866100980862E-019   4.9292189275300464E-018   1.5752874776919510E-017
   5.3212828199474749E-046   1.6240773683678902E-019   3.5071238983423413E-017   3.5378779581932650E-021   5.7206759703597545E-019   4.9292189275306519E-018   1.5752874776914706E-017
   4.9471997072697025E-046   1.6247020315149423E-019   3.5070733128830844E-017   3.5291582494699502E-021   5.6972555816469104E-019   4.8766323401922561E-018   1.5587048334960106E-017
   4.9471997072697025E-046   1.6247020315149416E-019   3.5070733114712569E-017   3.5291574254654577E-021   5.6973054420047431E-019   4.8766323203428155E-018   1.5587048306822553E-017
   4.9471997072697025E-046   1.6247020315149416E-019   3.5070733114651815E-017   3.5291582001297495E-021   5.6980270290411846E-019   4.8766323203424942E-018   1.5587048306822611E-017
   4.9471997072697025E-046   1.6247020315149423E-019   3.5070733114587541E-017   3.5291586095042855E-021   5.6616030061056706E-019   4.8766323203433108E-018   1.5587048306822309E-017
   4.9471997072697025E-046   1.6247020315149416E-019   3.5070733114668609E-017   3.5291577096980237E-021   5.6969276368952393E-019   4.8766323203424965E-018   1.5587048306820420E-017
   5.2203389403494026E-046   1.6241995945989856E-019   3.5070354380041320E-017   3.5350557747588912E-021   5.7106205934603956E-019   4.9161589918954758E-018   1.5711728044223115E-017
   5.2203389403494026E-046   1.6241995945989856E-019   3.5070354398445975E-017   3.5350567265202700E-021   5.6516172208746580E-019   4.9161590288750425E-018   1.5711728096589915E-017
   5.2203389403494026E-046   1.6241995945989856E-019   3.5070354398592069E-017   3.5350567348760630E-021   5.7100983466787487E-019   4.9161590288750217E-018   1.5711728096586938E-017
   5.2203389403494026E-046   1.6241995945989856E-019   3.5070414315331801E-017   3.5534396144247247E-021   5.7149085017760042E-019   4.9161626086390487E-018   1.5711732416468218E-017
   5.2203389403494026E-046   1.6241995945989856E-019   3.5070354407567155E-017   3.5350608167537982E-021   5.7104765556610745E-019   4.9161590288836283E-018   1.5711728096593991E-017
   5.0691737401705962E-046   1.6245283821881768E-019   3.5071045362680150E-017   3.5320218517894434E-021   5.7020997303726378E-019   4.8940079370118135E-018   1.5641838160659584E-017
   5.0691737401705962E-046   1.6245283821881768E-019   3.5071045360725839E-017   3.5320228604780026E-021   5.6175306915082559E-019   4.8940079620287052E-018   1.5641838196103752E-017
   5.0691737401705962E-046   1.6245283821881768E-019   3.5071045361075952E-017   3.5320226516806865E-021   5.7012252073894235E-019   4.8940079620285650E-018   1.5641838196102137E-017
   5.0691737401705962E-046   1.6245283821881768E-019   3.5071045360989331E-017   3.5320227303176129E-021   5.7016842695127413E-019   4.8940079620283647E-018   1.5641838196103194E-017
   5.0691737401705962E-046   1.6245283821881763E-019   3.5071045360620157E-017   3.5320227602377907E-021   5.6850260856863735E-019   4.8940079620282638E-018   1.5641838196102920E-017
   5.0156977452885059E-046   1.6243818419937633E-019   3.5069366677650081E-017   3.5304387705375229E-021   5.7032757090414255E-019   4.8882438244898825E-018   1.5623737649816673E-017
   5.0156977452885059E-046   1.6243818419937628E-019   3.5069366638168665E-017   3.5304383935640498E-021   5.7040302480523538E-019   4.8882438001608529E-018   1.5623737615345969E-017
   5.0156977452885059E-046   1.6243818419937628E-019   3.5069366640679979E-017   3.5304371453085848E-021   5.6556847962907061E-019   4.8882438001605586E-018   1.5623737615347310E-017
   5.0156977452885059E-046   1.6243818419937628E-019   3.5069366637880127E-017   3.5304381520114245E-021   5.7038479975242393E-019   4.8882438001601148E-018   1.5623737615346814E-017
   5.0156977452885059E-046   1.6243818419937628E-019   3.5069366640502448E-017   3.5304378078050510E-021   5.7041549550328562E-019   4.8882438001603860E-018   1.5623737615347470E-017
   4.9967731769410850E-046   1.6242320279333631E-019   3.5068473920515643E-017   3.5301086499516200E-021   5.6671932116863528E-019   4.8866257676777135E-018   1.5618679849789312E-017
   4.9967731769410850E-046   1.6242320279333631E-019   3.5068473925423178E-017   3.5301085164958904E-021   4.5508469771034644E-019   4.8866257676784992E-018   1.5618679849789170E-017
   4.9967731769410850E-046   1.6242320279333631E-019   3.5068473925588167E-017   3.5301080614375265E-021   5.7091894893488470E-019   4.8866257676781279E-018   1.5618679849789725E-017
   4.9967731769410850E-046   1.6242320279333631E-019   3.5068473926101678E-017   3.5301080826702210E-021   5.7021029418400894E-019   4.8866257676779014E-018   1.5618679849788729E-017
   4.9967731769410850E-046   1.6242320279333631E-019   3.5068473925392511E-017   3.5301077122793178E-021   5.7058939326406702E-019   4.8866257676788852E-018   1.5618679849790683E-017
   5.1899611025545639E-046   1.6241693343283252E-019   3.5070190898713526E-017   3.5346756064621420E-021   5.6798100280006603E-019   4.9122102176036373E-018   1.5699287017468307E-017
   5.1899611025545639E-046   1.6241693343283252E-019   3.5070190900621885E-017   3.5346755513266150E-021   5.7110141083843259E-019   4.9122102176039724E-018   1.5699287017470347E-017
   5.1899611025545639E-046   1.6241693343283252E-019   3.5070190900529687E-017   3.5346757700244636E-021   5.7113399977257132E-019   4.9122102176040156E-018   1.5699287017468372E-017
   5.1899611025545639E-046   1.6241693343283252E-019   3.5070190900382472E-017   3.5346754883936439E-021   5.7096102734901319E-019   4.9122102176038530E-018   1.5699287017468421E-017
   5.1899611025545639E-046   1.6241693343283252E-019   3.5070190900628510E-017   3.5346760408240233E-021   5.7034109652234349E-019   4.9122102176045117E-018   1.5699287017471638E-017
   4.9058852305637948E-046   1.6244603495288794E-019   3.5068987421745651E-017   3.5281693528760421E-021   5.6872266591096204E-019   4.8726672838012450E-018   1.5574627583610435E-017
   4.9058852305637948E-046   1.6244603495288794E-019   3.5068987417045513E-017   3.5281692666285320E-021   5.6447310673651687E-019   4.8726672838016703E-018   1.5574627583612090E-017
   4.9058852305637948E-046   1.6244603495288794E-019   3.5068987416509544E-017   3.5281691527308978E-021   5.6992642372062986E-019   4.8726672838015139E-018   1.5574627583610598E-017
   4.9058852305637948E-046   1.6244603495288794E-019   3.5068987416869739E-017   3.5281700241929936E-021   5.6864049927874296E-019   4.8726672838018251E-018   1.5574627583610226E-017
   4.9058852305637948E-046   1.6244603495288794E-019   3.5068987416590125E-017   3.5281684427090385E-021   5.7007399773261831E-019   4.8726672838021202E-018   1.5574627583608722E-017
   5.0493374135100931E-046   1.6240541013907298E-019   3.5067974906344242E-017   3.5312669969149803E-021   5.7097452929059744E-019   4.8948535409695454E-018   1.5644655075827640E-017
   5.0493374135100931E-046   1.6240541013907298E-019   3.5068034507748144E-017   3.5495753426466405E-021   5.7138472036958257E-019   4.8948571407128423E-018   1.5644659420915060E-017
   5.0493374135100931E-046   1.6240541013907298E-019   3.5067974913658585E-017   3.5312707160888487E-021   5.7094324688274830E-019   4.8948535243773385E-018   1.5644655052314334E-017
   5.0493374135100931E-046   1.6240541013907298E-019   3.5067974904141490E-017   3.5312661483854530E-021   5.7097243657899243E-019   4.8948535243685663E-018   1.5644655052309253E-017
   5.0493374135100931E-046   1.6240541013907298E-019   3.5067974904162826E-017   3.5312659250909430E-021   5.6956773977579383E-019   4.8948535243686187E-018   1.5644655052309758E-017
   4.9646628518900551E-046   1.6241727039689706E-019   3.5068113244395796E-017   3.5296443752707436E-021   5.7051750105800441E-019   4.8824571408591367E-018   1.5605552204926513E-017
   4.9646628518900551E-046   1.6241727039689706E-019   3.5068172680434310E-017   3.5479158878018534E-021   5.7095934766311462E-019   4.8824607631621830E-018   1.5605556580625686E-017
   4.9646628518900551E-046   1.6241727039689706E-019   3.5068113247003480E-017   3.5296484101741943E-021   5.7051907893013571E-019   4.8824571290959480E-018   1.5605552188248354E-017
   4.9646628518900551E-046   1.6241727039689706E-019   3.5068113235929124E-017   3.5296436674120264E-021   5.7052113489243627E-019   4.8824571290871642E-018   1.5605552188240943E-017
   4.9646628518900551E-046   1.6241727039689706E-019   3.5068113235627237E-017   3.5296435840472317E-021   5.6645976188941472E-019   4.8824571290873129E-018   1.5605552188239494E-017
   5.4009273698142667E-046   1.6241199619940364E-019   3.5071987162401566E-017   3.5393774098973784E-021   5.7134351522138369E-019   4.9390528928417417E-018   1.5783843746687726E-017
   5.4009273698142667E-046   1.6241199619940364E-019   3.5071987179232832E-017   3.5393794694103963E-021   5.7139278734730306E-019   4.9390529499400779E-018   1.5783843827495519E-017
   5.4009273698142667E-046   1.6241199619940364E-019   3.5071987179005628E-017   3.5393794797380677E-021   5.7223901208926492E-019   4.9390529499411465E-018   1.5783843827493679E-017
   5.4009273698142667E-046   1.6241199619940364E-019   3.5071987179326232E-017   3.5393796357839151E-021   5.7147312370194530E-019   4.9390529499411349E-018   1.5783843827494798E-017
   5.4009273698142667E-046   1.6241199619940364E-019   3.5071987179050864E-017   3.5393788172981546E-021   5.6975752914546636E-019   4.9390529499400702E-018   1.5783843827494120E-017
   4.8804516331490565E-046   1.6248558828384930E-019   3.5070826453139388E-017   3.5275218590152099E-021   5.6934910689634954E-019   4.8666125199621761E-018   1.5555437351034563E-017
   4.8804516331490565E-046   1.6248558828384930E-019   3.5070826438497279E-017   3.5275216164760992E-021   5.6940957784096510E-019   4.8666124973205762E-018   1.5555437318934050E-017
   4.8804516331490565E-046   1.6248558828384930E-019   3.5070826438383215E-017   3.5275221000406645E-021   5.6902050296295041E-019   4.8666124973211016E-018   1.5555437318937760E-017
   4.8804516331490565E-046   1.6248558828384930E-019   3.5070826438425123E-017   3.5275206502989392E-021   5.6937192522268026E-019   4.8666124973206871E-018   1.5555437318934315E-017
   4.8804516331490565E-046   1.6248558828384930E-019   3.5070826438140073E-017   3.5275208385938147E-021   5.6936534588332588E-019   4.8666124973206378E-018   1.5555437318938801E-017
   5.1201795614302030E-046   1.6241213551901995E-019   3.5068786187942542E-017   3.5326327068320273E-021   5.6952223574891021E-019   4.9039314018734493E-018   1.5673242685417965E-017
   5.1201795614302030E-046   1.6241213551901995E-019   3.5068786188843982E-017   3.5326335709627187E-021   5.6817389957032295E-019   4.9039314018742158E-018   1.5673242685413826E-017
   5.1201795614302030E-046   1.6241213551901995E-019   3.5068786188727823E-017   3.5326331371591870E-021   5.7102072090594523E-019   4.9039314018733460E-018   1.5673242685416208E-017
   5.1201795614302030E-046   1.6241213551901995E-019   3.5068786188575203E-017   3.5326332057467215E-021   5.7105136638077011E-019   4.9039314018738838E-018   1.5673242685416461E-017
   5.1201795614302030E-046   1.6241213551901995E-019   3.5068786188433916E-017   3.5326340352673655E-021   5.7103123196363048E-019   4.9039314018740479E-018   1.5673242685415435E-017
   5.1096694758417941E-046   1.6243361687319697E-019   3.5070437677274040E-017   3.5329842194105516E-021   5.7050708352574658E-019   4.9005739169898266E-018   1.5662577697321787E-017
   5.1096694758417941E-046   1.6243361687319699E-019   3.5070437682592984E-017   3.5329857839333104E-021   5.7054854843304818E-019   4.9005739451131016E-018   1.5662577737156258E-017
   5.1096694758417941E-046   1.6243361687319699E-019   3.5070437682473669E-017   3.5329854202797065E-021   5.7056027159986759E-019   4.9005739451123612E-018   1.5662577737157910E-017
   5.1096694758417941E-046   1.6243361687319699E-019   3.5070437683196395E-017   3.5329862583217667E-021   5.7031803850922850E-019   4.9005739451129259E-018   1.5662577737158119E-017
   5.1096694758417941E-046   1.6243361687319699E-019   3.5070437682230059E-017   3.5329853201865657E-021   5.7048081210038638E-019   4.9005739451127541E-018   1.5662577737157996E-017
   4.9194160547761365E-046   1.6243820988594679E-019   3.5068535239240732E-017   3.5283235687346901E-021   5.6179849107475273E-019   4.8751820228195809E-018   1.5582580600094138E-017
   4.9194160547761365E-046   1.6243820988594679E-019   3.5068535242221024E-017   3.5283240224116966E-021   5.7016468953328028E-019   4.8751820228204044E-018   1.5582580600095636E-017
   4.9194160547761365E-046   1.6243820988594679E-019   3.5068535242199706E-017   3.5283242187080842E-021   5.7017139750989611E-019   4.8751820228201563E-018   1.5582580600093707E-017
   4.9194160547761365E-046   1.6243820988594679E-019   3.5068535325683524E-017   3.5283588607903508E-021   5.6981799129883082E-019   4.8751820230236170E-018   1.5582580600238010E-017
   4.9194160547761365E-046   1.6243820988594679E-019   3.5068535242636297E-017   3.5283235600087507E-021   5.7022747825218396E-019   4.8751820228203751E-018   1.5582580600095245E-017
   4.9749515443899355E-046   1.6240627505882624E-019   3.5067286639072562E-017   3.5295515950302874E-021   5.7072742768625570E-019   4.8848848921252338E-018   1.5613247285940233E-017
   4.9749515443899355E-046   1.6240627505882624E-019   3.5067286598997615E-017   3.5295510118193790E-021   5.7111773964400794E-019   4.8848848739768809E-018   1.5613247260221010E-017
   4.9749515443899355E-046   1.6240627505882624E-019   3.5067286597332422E-017   3.5295510107768866E-021   5.6807122464951499E-019   4.8848848739777268E-018   1.5613247260222585E-017
   4.9749515443899355E-046   1.6240627505882624E-019   3.5067286596818812E-017   3.5295513172321202E-021   5.7085708231940354E-019   4.8848848739777676E-018   1.5613247260222884E-017
   4.9749515443899355E-046   1.6240627505882624E-019   3.5067314037388202E-017   3.5386726728618838E-021   5.7103292273803961E-019   4.8848860674283805E-018   1.5613248620147868E-017
   5.1058118728783551E-046   1.6240583034475828E-019   3.5068897499756745E-017   3.5329036629963664E-021   5.6709661185667903E-019   4.9019318051779950E-018   1.5666937416954678E-017
   5.1058118728783551E-046   1.6240583034475828E-019   3.5068897496016841E-017   3.5329033794117721E-021   5.7091950360675034E-019   4.9019318051783701E-018   1.5666937416955331E-017
   5.1058118728783551E-046   1.6240583034475828E-019   3.5068897496429095E-017   3.5329029078331678E-021   5.7096059952439790E-019   4.9019318051785034E-018   1.5666937416954145E-017
   5.1058118728783551E-046   1.6240583034475828E-019   3.5068897495984720E-017   3.5329037993176029E-021   5.6701706436005755E-019   4.9019318051784194E-018   1.5666937416954866E-017
   5.1058118728783551E-046   1.6240583034475828E-019   3.5068897495787948E-017   3.5329032465333926E-021   5.6871812864215512E-019   4.9019318051784117E-018   1.5666937416955328E-017
   4.8672059415903170E-046   1.6242794143898252E-019   3.5067650314889182E-017   3.5272919678111832E-021   5.7013908067189248E-019   4.8685558530623693E-018   1.5561724852343876E-017
   4.8672059415903170E-046   1.6242794143898247E-019   3.5067650317628828E-017   3.5272914885658799E-021   5.7019423226703631E-019   4.8685558261884197E-018   1.5561724814248246E-017
   4.8672059415903170E-046   1.6242794143898247E-019   3.5067650318210521E-017   3.5272921816159788E-021   5.6885303993196024E-019   4.8685558261884274E-018   1.5561724814244508E-017
   4.8672059415903170E-046   1.6242794143898247E-019   3.5067650317733796E-017   3.5272912533614101E-021   5.7014081467528584E-019   4.8685558261890899E-018   1.5561724814247266E-017
   4.8672059415903170E-046   1.6242794143898247E-019   3.5067650317537265E-017   3.5272911287990314E-021   5.7023126544585792E-019   4.8685558261887125E-018   1.5561724814247953E-017
   5.0522890065308245E-046   1.6239475946447712E-019   3.5067503906268454E-017   3.5314128154833799E-021   5.7109715222223201E-019   4.8958894554339803E-018   1.5647946910762749E-017
   5.0522890065308245E-046   1.6239475946447712E-019   3.5067503904282755E-017   3.5314137520729454E-021   5.6507666567589843E-019   4.8958894557765170E-018   1.5647946911248068E-017
   5.0522890065308245E-046   1.6239475946447712E-019   3.5067503904188844E-017   3.5314128068683071E-021   5.7105243545270893E-019   4.8958894557774545E-018   1.5647946911247794E-017
   5.0522890065308245E-046   1.6239475946447712E-019   3.5067503903711102E-017   3.5314128251798361E-021   5.7109938742321352E-019   4.8958894557772588E-018   1.5647946911246284E-017
   5.0522890065308245E-046   1.6239475946447712E-019   3.5067503903631495E-017   3.5314126706959352E-021   5.7110582022843672E-019   4.8958894557761980E-018   1.5647946911248330E-017
   4.9672386111947651E-046   1.6241726903863003E-019   3.5068154060000970E-017   3.5297224975551962E-021   5.7049234983298068E-019   4.8828004003397279E-018   1.5606633529096977E-017
   4.9672386111947651E-046   1.6241726903863003E-019   3.5068154049994165E-017   3.5297216264240157E-021   5.7053960304384346E-019   4.8828003870311314E-018   1.5606633510374180E-017
   4.9672386111947651E-046   1.6241726903863003E-019   3.5068154050189014E-017   3.5297220501459805E-021   5.6249998182215432E-019   4.8828003870305713E-018   1.5606633510372377E-017
   4.9672386111947651E-046   1.6241726903863003E-019   3.5068154050125794E-017   3.5297227316403952E-021   5.7043263927175740E-019   4.8828003870313656E-018   1.5606633510371804E-017
   4.9672386111947651E-046   1.6241726903863003E-019   3.5068154050200008E-017   3.5297216539655204E-021   5.7051892699179917E-019   4.8828003870306769E-018   1.5606633510373283E-017
   5.0908106003730025E-046   1.6240989461387306E-019   3.5068829029065582E-017   3.5324200841349805E-021   5.7091632573109723E-019   4.8998278641014760E-018   1.5660303656617178E-017
   5.0908106003730025E-046   1.6240989461387306E-019   3.5068829030529394E-017   3.5324195237976965E-021   5.6811585793159381E-019   4.8998278494390516E-018   1.5660303635849570E-017
   5.0908106003730025E-046   1.6240989461387306E-019   3.5068829030085974E-017   3.5324197639318638E-021   5.7091386606472896E-019   4.8998278494389892E-018   1.5660303635852951E-017
   5.0908106003730025E-046   1.6240989461387306E-019   3.5068888710819176E-017   3.5507471701346722E-021   5.7134701446408745E-019   4.8998314565812406E-018   1.5660307992216253E-017
   5.0908106003730025E-046   1.6240989461387306E-019   3.5068829038846718E-017   3.5324239758542020E-021   5.7089831230391196E-019   4.8998278494490487E-018   1.5660303635857468E-017
   5.0383355467876349E-046   1.6242794883570333E-019   3.5069396210992776E-017   3.5313200238480261E-021   5.7045909516347047E-019   4.8916022395349569E-018   1.5634332993119682E-017
   5.0383355467876349E-046   1.6242794883570333E-019   3.5069396257418614E-017   3.5313205178328399E-021   5.7143949346642737E-019   4.8916022673401467E-018   1.5634333032517399E-017
   5.0383355467876349E-046   1.6242794883570333E-019   3.5069396258560879E-017   3.5313202159376095E-021   5.7051983307760217E-019   4.8916022673397962E-018   1.5634333032518853E-017
   5.0383355467876349E-046   1.6242794883570333E-019   3.5069396257386357E-017   3.5313212403605612E-021   5.6985204319318589E-019   4.8916022673401837E-018   1.5634333032517319E-017
   5.0383355467876349E-046   1.6242794883570333E-019   3.5069396258240650E-017   3.5313204813821225E-021   5.7049196359585160E-019   4.8916022673403324E-018   1.5634333032518099E-017
   4.9964855257561240E-046   1.6242514113352553E-019   3.5068633742183376E-017   3.5301584509294747E-021   5.7049614866748339E-019   4.8864043560768189E-018   1.5617974228202408E-017
   4.9964855257561240E-046   1.6242514113352553E-019   3.5068633748758273E-017   3.5301590277442646E-021   5.7053258378255699E-019   4.8864043863900071E-018   1.5617974271159108E-017
   4.9964855257561240E-046   1.6242514113352553E-019   3.5068633748870772E-017   3.5301595222306101E-021   5.6460147907788019E-019   4.8864043863901928E-018   1.5617974271160870E-017
   4.9964855257561240E-046   1.6242514113352553E-019   3.5068633748805358E-017   3.5301592375297655E-021   5.7048280259281210E-019   4.8864043863899771E-018   1.5617974271158818E-017
   4.9964855257561240E-046   1.6242514113352553E-019   3.5068633748789735E-017   3.5301587234328076E-021   5.7056511521919641E-019   4.8864043863898946E-018   1.5617974271162291E-017
   5.1344716567937967E-046   1.6241730286047490E-019   3.5069635940387403E-017   3.5333897398005933E-021   5.5346481312159834E-019   4.9050489457364559E-018   1.5676729627260970E-017
   5.1344716567937967E-046   1.6241730286047490E-019   3.5069635932789890E-017   3.5333892261493287E-021   5.7086321638413130E-019   4.9050489457358611E-018   1.5676729627260779E-017
   5.1344716567937967E-046   1.6241730286047490E-019   3.5069635933256964E-017   3.5333889135938383E-021   5.6944526340773079E-019   4.9050489457362016E-018   1.5676729627260754E-017
   5.1344716567937967E-046   1.6241730286047490E-019   3.5069635932751180E-017   3.5333891398466136E-021   5.7010602800047378E-019   4.9050489457358296E-018   1.5676729627260930E-017
   5.1344716567937967E-046   1.6241730286047490E-019   3.5069635932565884E-017   3.5333892259620177E-021   5.7082991536752142E-019   4.9050489457358550E-018   1.5676729627259888E-017
   4.8467591901231478E-046   1.6243600684086303E-019   3.5067801142729114E-017   3.5267266903184207E-021   5.7007362408817032E-019   4.8652779890662428E-018   1.5551376528914429E-017
   4.8467591901231478E-046   1.6243600684086308E-019   3.5067801131948060E-017   3.5267266736414314E-021   5.7013280485500907E-019   4.8652779608905633E-018   1.5551376488966922E-017
   4.8467591901231478E-046   1.6243600684086308E-019   3.5067801131828467E-017   3.5267270578006205E-021   5.6857099879162081E-019   4.8652779608906188E-018   1.5551376488964574E-017
   4.8467591901231478E-046   1.6243600684086308E-019   3.5067801132089309E-017   3.5267258085601123E-021   5.7004926448702558E-019   4.8652779608903299E-018   1.5551376488966651E-017
   4.8467591901231478E-046   1.6243600684086308E-019   3.5067801132046051E-017   3.5267259969477454E-021   5.7007013679789382E-019   4.8652779608904878E-018   1.5551376488967976E-017
   5.1634575643227364E-046   1.6239167339630089E-019   3.5068455408992359E-017   3.5339707066804806E-021   5.7125236606242140E-019   4.9105922671410101E-018   1.5694270320191302E-017
   5.1634575643227364E-046   1.6239167339630089E-019   3.5068455369969204E-017   3.5339711514266723E-021   5.6547956886551505E-019   4.9105922617734611E-018   1.5694270312588054E-017
   5.1634575643227364E-046   1.6239167339630089E-019   3.5068455368957681E-017   3.5339711668130093E-021   5.7134544458824828E-019   4.9105922617737885E-018   1.5694270312589570E-017
   5.1634575643227364E-046   1.6239167339630089E-019   3.5068455369901565E-017   3.5339705817449101E-021   5.7115084786048297E-019   4.9105922617733409E-018   1.5694270312587697E-017
   5.1634575643227364E-046   1.6239167339630089E-019   3.5068455390719075E-017   3.5339801053463187E-021   5.6904294112121875E-019   4.9105922617986546E-018   1.5694270312606598E-017
   5.1287223251514299E-046   1.6243659460155551E-019   3.5070919029319940E-017   3.5335519336929779E-021   5.7048554185201222E-019   4.9027349845429423E-018   1.5669370859003123E-017
   5.1287223251514299E-046   1.6243659460155551E-019   3.5070919043704560E-017   3.5335531509575564E-021   5.6674975882212484E-019   4.9027349999341840E-018   1.5669370880809648E-017
   5.1287223251514299E-046   1.6243659460155551E-019   3.5070919043484628E-017   3.5335527784644645E-021   5.7044802967387523E-019   4.9027349999344968E-018   1.5669370880807072E-017
   5.1287223251514299E-046   1.6243659460155551E-019   3.5070919043961624E-017   3.5335524271855150E-021   5.6972945931401385E-019   4.9027349999347656E-018   1.5669370880808341E-017
   5.1287223251514299E-046   1.6243659460155551E-019   3.5070919043736262E-017   3.5335531136865238E-021   5.7047600215634044E-019   4.9027349999349783E-018   1.5669370880805852E-017
   5.0913006444134555E-046   1.6244473792570831E-019   3.5070620125029426E-017   3.5323272244843589E-021   5.7036934190730668E-019   4.8976463374625040E-018   1.5653332413837062E-017
   5.0913006444134555E-046   1.6244473792570838E-019   3.5070679796383633E-017   3.5506513658251739E-021   5.7084172718823756E-019   4.8976499136755747E-018   1.5653336726721513E-017
   5.0913006444134555E-046   1.6244473792570831E-019   3.5070620127122336E-017   3.5323299612121584E-021   5.7039869238677282E-019   4.8976463080428710E-018   1.5653332372157356E-017
