  1.000E-07  1.0000E+03   100.00 0.09644  2.000E-30  2.500E-01  5.000E-01  6.607E-28  2.600E-04  4.600E-04  7.089E-22  2.000E-30  1.000E-30  1.000E-30
  2.000E-07  1.0000E+03   100.00 0.09644  7.946E-30  2.500E-01  5.000E-01  3.670E-27  2.600E-04  4.600E-04  1.418E-21  3.886E-30  1.000E-30  1.000E-30
  4.000E-07  1.0000E+03   100.00 0.09644  1.649E-29  2.500E-01  5.000E-01  9.198E-27  2.600E-04  4.600E-04  2.836E-21  4.979E-30  1.000E-30  1.000E-30
  8.000E-07  1.0000E+03   100.00 0.09644  5.259E-29  2.500E-01  5.000E-01  3.505E-26  2.600E-04  4.600E-04  5.671E-21  6.065E-30  1.000E-30  1.000E-30
  1.600E-06  1.0000E+03   100.00 0.09644  1.699E-28  2.500E-01  5.000E-01  1.209E-25  2.600E-04  4.600E-04  1.134E-20  7.134E-30  1.000E-30  1.000E-30
  3.200E-06  1.0000E+03   100.00 0.09644  6.257E-28  2.500E-01  5.000E-01  4.564E-25  2.600E-04  4.600E-04  2.269E-20  8.172E-30  1.000E-30  1.000E-30
  6.400E-06  1.0000E+03   100.00 0.09644  2.627E-27  2.500E-01  5.000E-01  1.931E-24  2.600E-04  4.600E-04  4.538E-20  1.024E-29  1.000E-30  1.000E-30
  1.280E-05  1.0000E+03   100.00 0.09644  1.052E-26  2.500E-01  5.000E-01  7.780E-24  2.600E-04  4.600E-04  9.077E-20  1.189E-29  1.000E-30  1.000E-30
  2.560E-05  1.0000E+03   100.00 0.09644  3.901E-26  2.500E-01  5.000E-01  2.911E-23  2.600E-04  4.600E-04  1.816E-19  1.339E-29  1.000E-30  1.000E-30
  5.120E-05  1.0000E+03   100.00 0.09644  1.521E-25  2.500E-01  5.000E-01  1.142E-22  2.600E-04  4.600E-04  3.633E-19  1.451E-29  1.000E-30  1.000E-30
  1.024E-04  1.0000E+03   100.00 0.09644  6.107E-25  2.500E-01  5.000E-01  4.654E-22  2.600E-04  4.600E-04  7.274E-19  1.549E-29  1.000E-30  1.000E-30
  2.048E-04  1.0000E+03   100.00 0.09644  2.422E-24  2.500E-01  5.000E-01  1.896E-21  2.600E-04  4.600E-04  1.458E-18  1.686E-29  1.000E-30  1.000E-30
  4.096E-04  1.0000E+03   100.00 0.09644  9.634E-24  2.500E-01  5.000E-01  7.994E-21  2.600E-04  4.600E-04  2.927E-18  1.879E-29  1.000E-30  1.000E-30
  8.192E-04  1.0000E+03   100.00 0.09644  3.839E-23  2.500E-01  5.000E-01  3.536E-20  2.600E-04  4.600E-04  5.901E-18  2.132E-29  1.000E-30  1.000E-30
  1.638E-03  1.0000E+03   100.00 0.09644  1.533E-22  2.500E-01  5.000E-01  1.693E-19  2.600E-04  4.600E-04  1.198E-17  4.094E-29  1.000E-30  1.000E-30
  3.277E-03  1.0000E+03   100.00 0.09644  6.149E-22  2.500E-01  5.000E-01  8.895E-19  2.600E-04  4.600E-04  2.466E-17  3.811E-28  1.000E-30  1.000E-30
  6.554E-03  1.0000E+03   100.00 0.09644  2.536E-21  2.500E-01  5.000E-01  5.185E-18  2.600E-04  4.600E-04  5.184E-17  6.797E-27  1.000E-30  1.000E-30
  1.311E-02  1.0000E+03   100.00 0.09644  1.244E-20  2.500E-01  5.000E-01  3.314E-17  2.600E-04  4.600E-04  1.122E-16  1.513E-25  1.000E-30  1.000E-30
  2.621E-02  1.0000E+03   100.00 0.09644  1.077E-19  2.500E-01  5.000E-01  2.216E-16  2.600E-04  4.600E-04  2.504E-16  3.344E-24  1.000E-30  1.000E-30
  5.243E-02  1.0000E+03   100.00 0.09644  1.820E-18  2.500E-01  5.000E-01  1.477E-15  2.600E-04  4.600E-04  5.733E-16  7.216E-23  1.000E-30  1.000E-30
  1.049E-01  1.0000E+03   100.00 0.09644  3.498E-17  2.500E-01  5.000E-01  9.220E-15  2.600E-04  4.600E-04  1.353E-15  1.307E-21  1.000E-30  1.000E-30
  2.097E-01  1.0000E+03   100.00 0.09644  5.067E-16  2.500E-01  5.000E-01  4.973E-14  2.599E-04  4.600E-04  2.985E-15  1.592E-20  1.000E-30  1.000E-30
  4.194E-01  1.0000E+03   100.00 0.09644  4.131E-15  2.500E-01  5.000E-01  2.101E-13  2.599E-04  4.600E-04  4.948E-15  9.964E-20  1.000E-30  1.000E-30
  8.389E-01  1.0000E+03   100.00 0.09644  1.526E-14  2.500E-01  5.000E-01  6.313E-13  2.598E-04  4.600E-04  6.187E-15  2.579E-19  1.000E-30  1.000E-30
  1.678E+00  1.0000E+03   100.00 0.09644  2.791E-14  2.500E-01  5.000E-01  1.294E-12  2.598E-04  4.600E-04  6.721E-15  3.165E-19  1.000E-30  1.000E-30
  3.355E+00  1.0000E+03   100.43 0.09644  3.592E-14  2.500E-01  5.001E-01  1.871E-12  2.599E-04  4.600E-04  6.818E-15  3.040E-19  1.000E-30  1.000E-30
  6.711E+00  1.0000E+03   101.31 0.09644  4.331E-14  2.499E-01  5.002E-01  2.061E-12  2.600E-04  4.600E-04  6.767E-15  2.900E-19  1.000E-30  1.000E-30
  1.342E+01  1.0000E+03   103.08 0.09644  5.916E-14  2.498E-01  5.004E-01  2.047E-12  2.600E-04  4.600E-04  6.801E-15  2.835E-19  1.000E-30  1.000E-30
  2.684E+01  1.0000E+03   106.51 0.09644  9.406E-14  2.496E-01  5.007E-01  2.029E-12  2.600E-04  4.600E-04  6.955E-15  2.797E-19  1.000E-30  1.000E-30
  5.369E+01  1.0000E+03   112.98 0.09644  1.716E-13  2.493E-01  5.014E-01  2.006E-12  2.600E-04  4.600E-04  7.317E-15  2.732E-19  1.000E-30  1.000E-30
  1.074E+02  1.0000E+03   124.25 0.09644  3.539E-13  2.486E-01  5.029E-01  1.976E-12  2.600E-04  4.600E-04  8.197E-15  2.618E-19  1.000E-30  1.000E-30
  2.147E+02  1.0000E+03   143.06 0.09644  7.969E-13  2.472E-01  5.057E-01  1.963E-12  2.600E-04  4.600E-04  1.036E-14  2.434E-19  1.000E-30  1.000E-30
  4.295E+02  1.0000E+03   167.72 0.09644  1.824E-12  2.444E-01  5.113E-01  2.020E-12  2.600E-04  4.600E-04  1.518E-14  2.166E-19  1.000E-30  1.000E-30
  8.590E+02  1.0000E+03   188.42 0.09644  3.517E-12  2.390E-01  5.221E-01  2.170E-12  2.600E-04  4.600E-04  2.241E-14  1.856E-19  1.000E-30  1.000E-30
  1.718E+03  1.0000E+03   198.05 0.09644  4.782E-12  2.286E-01  5.428E-01  2.233E-12  2.600E-04  4.600E-04  2.712E-14  1.565E-19  1.000E-30  1.000E-30
  1.818E+03  1.0000E+03   198.85 0.09644  5.154E-12  2.274E-01  5.451E-01  2.234E-12  2.600E-04  4.600E-04  2.813E-14  1.496E-19  1.000E-30  1.000E-30
  1.918E+03  1.0000E+03   202.98 0.09644  5.164E-12  2.262E-01  5.475E-01  2.226E-12  2.600E-04  4.600E-04  2.813E-14  1.476E-19  1.000E-30  1.000E-30
  2.018E+03  1.0000E+03   201.90 0.09644  5.289E-12  2.251E-01  5.499E-01  2.218E-12  2.600E-04  4.600E-04  2.841E-14  1.440E-19  1.000E-30  1.000E-30
  2.118E+03  1.0000E+03   201.10 0.09644  5.219E-12  2.239E-01  5.522E-01  2.206E-12  2.600E-04  4.600E-04  2.819E-14  1.431E-19  1.000E-30  1.000E-30
  2.218E+03  1.0000E+03   200.48 0.09644  5.170E-12  2.227E-01  5.545E-01  2.196E-12  2.600E-04  4.600E-04  2.804E-14  1.420E-19  1.000E-30  1.000E-30
  2.318E+03  1.0000E+03   199.92 0.09644  5.133E-12  2.216E-01  5.568E-01  2.188E-12  2.600E-04  4.600E-04  2.793E-14  1.408E-19  1.000E-30  1.000E-30
  2.418E+03  1.0000E+03   199.50 0.09644  5.104E-12  2.204E-01  5.592E-01  2.180E-12  2.600E-04  4.600E-04  2.785E-14  1.396E-19  1.000E-30  1.000E-30
  2.518E+03  1.0000E+03   201.21 0.09644  5.083E-12  2.193E-01  5.615E-01  2.174E-12  2.600E-04  4.600E-04  2.780E-14  1.384E-19  1.000E-30  1.000E-30
  2.618E+03  1.0000E+03   200.46 0.09644  5.139E-12  2.181E-01  5.637E-01  2.169E-12  2.600E-04  4.600E-04  2.795E-14  1.361E-19  1.000E-30  1.000E-30
  2.718E+03  1.0000E+03   199.98 0.09644  5.103E-12  2.170E-01  5.660E-01  2.161E-12  2.600E-04  4.600E-04  2.786E-14  1.351E-19  1.000E-30  1.000E-30
  2.818E+03  1.0000E+03   199.72 0.09644  5.081E-12  2.158E-01  5.683E-01  2.155E-12  2.600E-04  4.600E-04  2.781E-14  1.339E-19  1.000E-30  1.000E-30
  2.918E+03  1.0000E+03   202.58 0.09644  5.069E-12  2.147E-01  5.706E-01  2.150E-12  2.600E-04  4.600E-04  2.779E-14  1.327E-19  1.000E-30  1.000E-30
  3.018E+03  1.0000E+03   204.86 0.09644  5.165E-12  2.136E-01  5.728E-01  2.146E-12  2.600E-04  4.600E-04  2.804E-14  1.300E-19  1.000E-30  1.000E-30
  3.118E+03  1.0000E+03   203.45 0.09644  5.230E-12  2.125E-01  5.751E-01  2.140E-12  2.600E-04  4.600E-04  2.819E-14  1.277E-19  1.000E-30  1.000E-30
  3.218E+03  1.0000E+03   202.29 0.09644  5.161E-12  2.114E-01  5.773E-01  2.130E-12  2.600E-04  4.600E-04  2.799E-14  1.270E-19  1.000E-30  1.000E-30
  3.318E+03  1.0000E+03   202.41 0.09644  5.109E-12  2.102E-01  5.795E-01  2.122E-12  2.600E-04  4.600E-04  2.786E-14  1.262E-19  1.000E-30  1.000E-30
  3.418E+03  1.0000E+03   201.33 0.09644  5.107E-12  2.091E-01  5.817E-01  2.116E-12  2.600E-04  4.600E-04  2.786E-14  1.248E-19  1.000E-30  1.000E-30
  3.518E+03  1.0000E+03   204.68 0.09644  5.064E-12  2.080E-01  5.839E-01  2.110E-12  2.600E-04  4.600E-04  2.775E-14  1.240E-19  1.000E-30  1.000E-30
  3.618E+03  1.0000E+03   203.70 0.09644  5.175E-12  2.069E-01  5.861E-01  2.107E-12  2.600E-04  4.600E-04  2.804E-14  1.213E-19  1.000E-30  1.000E-30
  3.718E+03  1.0000E+03   202.39 0.09644  5.127E-12  2.059E-01  5.883E-01  2.099E-12  2.600E-04  4.600E-04  2.791E-14  1.205E-19  1.000E-30  1.000E-30
  3.818E+03  1.0000E+03   203.80 0.09644  5.073E-12  2.048E-01  5.905E-01  2.091E-12  2.600E-04  4.600E-04  2.777E-14  1.198E-19  1.000E-30  1.000E-30
  3.918E+03  1.0000E+03   203.23 0.09644  5.117E-12  2.037E-01  5.926E-01  2.087E-12  2.600E-04  4.600E-04  2.789E-14  1.180E-19  1.000E-30  1.000E-30
  4.018E+03  1.0000E+03   206.07 0.09644  5.088E-12  2.026E-01  5.948E-01  2.080E-12  2.600E-04  4.600E-04  2.782E-14  1.170E-19  1.000E-30  1.000E-30
  4.118E+03  1.0000E+03   205.85 0.09644  5.177E-12  2.015E-01  5.969E-01  2.077E-12  2.600E-04  4.600E-04  2.804E-14  1.147E-19  1.000E-30  1.000E-30
  4.218E+03  1.0000E+03   208.17 0.09644  5.152E-12  2.005E-01  5.991E-01  2.069E-12  2.600E-04  4.600E-04  2.797E-14  1.136E-19  1.000E-30  1.000E-30
  4.318E+03  1.0000E+03   206.01 0.09644  5.215E-12  1.994E-01  6.012E-01  2.063E-12  2.600E-04  4.600E-04  2.811E-14  1.115E-19  1.000E-30  1.000E-30
  4.418E+03  1.0000E+03   206.89 0.09644  5.121E-12  1.984E-01  6.033E-01  2.053E-12  2.600E-04  4.600E-04  2.785E-14  1.112E-19  1.000E-30  1.000E-30
  4.518E+03  1.0000E+03   208.02 0.09644  5.138E-12  1.973E-01  6.054E-01  2.047E-12  2.600E-04  4.600E-04  2.789E-14  1.097E-19  1.000E-30  1.000E-30
  4.618E+03  1.0000E+03   209.89 0.09644  5.161E-12  1.963E-01  6.075E-01  2.041E-12  2.600E-04  4.600E-04  2.793E-14  1.082E-19  1.000E-30  1.000E-30
  4.718E+03  1.0000E+03   211.27 0.09644  5.205E-12  1.952E-01  6.096E-01  2.035E-12  2.600E-04  4.600E-04  2.802E-14  1.064E-19  1.000E-30  1.000E-30
  4.818E+03  1.0000E+03   212.46 0.09644  5.228E-12  1.942E-01  6.116E-01  2.027E-12  2.600E-04  4.600E-04  2.805E-14  1.049E-19  1.000E-30  1.000E-30
  4.918E+03  1.0000E+03   213.57 0.09644  5.242E-12  1.932E-01  6.137E-01  2.020E-12  2.600E-04  4.600E-04  2.805E-14  1.034E-19  1.000E-30  1.000E-30
  5.018E+03  1.0000E+03   213.17 0.09644  5.251E-12  1.921E-01  6.157E-01  2.011E-12  2.600E-04  4.600E-04  2.804E-14  1.020E-19  1.000E-30  1.000E-30
  5.118E+03  1.0000E+03   211.27 0.09644  5.211E-12  1.911E-01  6.178E-01  2.001E-12  2.600E-04  4.600E-04  2.790E-14  1.011E-19  1.000E-30  1.000E-30
  5.218E+03  1.0000E+03   211.00 0.09644  5.126E-12  1.901E-01  6.198E-01  1.991E-12  2.600E-04  4.600E-04  2.767E-14  1.007E-19  1.000E-30  1.000E-30
  5.318E+03  1.0000E+03   209.65 0.09644  5.104E-12  1.891E-01  6.218E-01  1.984E-12  2.600E-04  4.600E-04  2.760E-14  9.972E-20  1.000E-30  1.000E-30
  5.418E+03  1.0000E+03   209.98 0.09644  5.048E-12  1.881E-01  6.238E-01  1.977E-12  2.600E-04  4.600E-04  2.746E-14  9.914E-20  1.000E-30  1.000E-30
  5.518E+03  1.0000E+03   211.16 0.09644  5.051E-12  1.871E-01  6.258E-01  1.972E-12  2.600E-04  4.600E-04  2.748E-14  9.802E-20  1.000E-30  1.000E-30
  5.618E+03  1.0000E+03   212.21 0.09644  5.080E-12  1.861E-01  6.278E-01  1.967E-12  2.600E-04  4.600E-04  2.755E-14  9.665E-20  1.000E-30  1.000E-30
  5.718E+03  1.0000E+03   209.99 0.09644  5.100E-12  1.851E-01  6.298E-01  1.962E-12  2.600E-04  4.600E-04  2.759E-14  9.534E-20  1.000E-30  1.000E-30
  5.818E+03  1.0000E+03   210.35 0.09644  5.014E-12  1.841E-01  6.318E-01  1.953E-12  2.600E-04  4.600E-04  2.737E-14  9.505E-20  1.000E-30  1.000E-30
  5.918E+03  1.0000E+03   210.32 0.09644  5.018E-12  1.831E-01  6.337E-01  1.948E-12  2.600E-04  4.600E-04  2.739E-14  9.397E-20  1.000E-30  1.000E-30
  6.018E+03  1.0000E+03   210.79 0.09644  5.008E-12  1.822E-01  6.357E-01  1.943E-12  2.600E-04  4.600E-04  2.737E-14  9.302E-20  1.000E-30  1.000E-30
  6.118E+03  1.0000E+03   210.56 0.09644  5.014E-12  1.812E-01  6.376E-01  1.938E-12  2.600E-04  4.600E-04  2.738E-14  9.192E-20  1.000E-30  1.000E-30
  6.218E+03  1.0000E+03   207.77 0.09644  4.996E-12  1.802E-01  6.396E-01  1.932E-12  2.600E-04  4.600E-04  2.734E-14  9.105E-20  1.000E-30  1.000E-30
  6.318E+03  1.0000E+03   205.57 0.09644  4.898E-12  1.792E-01  6.415E-01  1.924E-12  2.600E-04  4.600E-04  2.710E-14  9.094E-20  1.000E-30  1.000E-30
  6.418E+03  1.0000E+03   206.77 0.09644  4.826E-12  1.783E-01  6.434E-01  1.918E-12  2.600E-04  4.600E-04  2.694E-14  9.066E-20  1.000E-30  1.000E-30
  6.518E+03  1.0000E+03   208.28 0.09644  4.869E-12  1.773E-01  6.454E-01  1.916E-12  2.600E-04  4.600E-04  2.708E-14  8.937E-20  1.000E-30  1.000E-30
  6.618E+03  1.0000E+03   209.45 0.09644  4.915E-12  1.764E-01  6.473E-01  1.914E-12  2.600E-04  4.600E-04  2.722E-14  8.803E-20  1.000E-30  1.000E-30
  6.718E+03  1.0000E+03   209.80 0.09644  4.944E-12  1.754E-01  6.492E-01  1.910E-12  2.600E-04  4.600E-04  2.730E-14  8.679E-20  1.000E-30  1.000E-30
  6.818E+03  1.0000E+03   208.53 0.09644  4.944E-12  1.745E-01  6.511E-01  1.905E-12  2.600E-04  4.600E-04  2.729E-14  8.581E-20  1.000E-30  1.000E-30
  6.918E+03  1.0000E+03   206.42 0.09644  4.890E-12  1.735E-01  6.529E-01  1.897E-12  2.600E-04  4.600E-04  2.716E-14  8.528E-20  1.000E-30  1.000E-30
  7.018E+03  1.0000E+03   206.07 0.09644  4.815E-12  1.726E-01  6.548E-01  1.890E-12  2.600E-04  4.600E-04  2.697E-14  8.499E-20  1.000E-30  1.000E-30
  7.118E+03  1.0000E+03   205.69 0.09644  4.801E-12  1.717E-01  6.567E-01  1.886E-12  2.600E-04  4.600E-04  2.696E-14  8.421E-20  1.000E-30  1.000E-30
  7.218E+03  1.0000E+03   205.20 0.09644  4.785E-12  1.707E-01  6.585E-01  1.881E-12  2.600E-04  4.600E-04  2.693E-14  8.345E-20  1.000E-30  1.000E-30
  7.318E+03  1.0000E+03   206.64 0.09644  4.766E-12  1.698E-01  6.604E-01  1.877E-12  2.600E-04  4.600E-04  2.690E-14  8.273E-20  1.000E-30  1.000E-30
  7.418E+03  1.0000E+03   205.71 0.09644  4.810E-12  1.689E-01  6.622E-01  1.874E-12  2.600E-04  4.600E-04  2.703E-14  8.149E-20  1.000E-30  1.000E-30
  7.518E+03  1.0000E+03   204.99 0.09644  4.771E-12  1.680E-01  6.640E-01  1.868E-12  2.600E-04  4.600E-04  2.694E-14  8.090E-20  1.000E-30  1.000E-30
  7.618E+03  1.0000E+03   204.14 0.09644  4.742E-12  1.671E-01  6.659E-01  1.863E-12  2.600E-04  4.600E-04  2.688E-14  8.026E-20  1.000E-30  1.000E-30
  7.718E+03  1.0000E+03   203.35 0.09644  4.710E-12  1.662E-01  6.677E-01  1.858E-12  2.600E-04  4.600E-04  2.681E-14  7.965E-20  1.000E-30  1.000E-30
  7.818E+03  1.0000E+03   202.61 0.09644  4.681E-12  1.653E-01  6.695E-01  1.853E-12  2.600E-04  4.600E-04  2.675E-14  7.904E-20  1.000E-30  1.000E-30
  7.918E+03  1.0000E+03   201.26 0.09644  4.654E-12  1.644E-01  6.713E-01  1.848E-12  2.600E-04  4.600E-04  2.670E-14  7.841E-20  1.000E-30  1.000E-30
  8.018E+03  1.0000E+03   200.07 0.09644  4.609E-12  1.635E-01  6.731E-01  1.842E-12  2.600E-04  4.600E-04  2.661E-14  7.795E-20  1.000E-30  1.000E-30
  8.118E+03  1.0000E+03   202.36 0.09644  4.571E-12  1.626E-01  6.749E-01  1.838E-12  2.600E-04  4.600E-04  2.654E-14  7.745E-20  1.000E-30  1.000E-30
  8.218E+03  1.0000E+03   203.76 0.09644  4.647E-12  1.617E-01  6.766E-01  1.838E-12  2.600E-04  4.600E-04  2.677E-14  7.607E-20  1.000E-30  1.000E-30
  8.318E+03  1.0000E+03   203.57 0.09644  4.685E-12  1.608E-01  6.784E-01  1.836E-12  2.600E-04  4.600E-04  2.688E-14  7.494E-20  1.000E-30  1.000E-30
  8.418E+03  1.0000E+03   205.15 0.09644  4.668E-12  1.599E-01  6.801E-01  1.830E-12  2.600E-04  4.600E-04  2.684E-14  7.422E-20  1.000E-30  1.000E-30
  8.518E+03  1.0000E+03   206.05 0.09644  4.707E-12  1.591E-01  6.819E-01  1.827E-12  2.600E-04  4.600E-04  2.694E-14  7.308E-20  1.000E-30  1.000E-30
  8.618E+03  1.0000E+03   205.05 0.09644  4.720E-12  1.582E-01  6.836E-01  1.822E-12  2.600E-04  4.600E-04  2.697E-14  7.212E-20  1.000E-30  1.000E-30
  8.718E+03  1.0000E+03   206.25 0.09644  4.671E-12  1.573E-01  6.853E-01  1.814E-12  2.600E-04  4.600E-04  2.683E-14  7.160E-20  1.000E-30  1.000E-30
  8.818E+03  1.0000E+03   204.90 0.09644  4.694E-12  1.565E-01  6.871E-01  1.809E-12  2.600E-04  4.600E-04  2.688E-14  7.059E-20  1.000E-30  1.000E-30
  8.918E+03  1.0000E+03   203.00 0.09644  4.633E-12  1.556E-01  6.888E-01  1.801E-12  2.600E-04  4.600E-04  2.671E-14  7.017E-20  1.000E-30  1.000E-30
  9.018E+03  1.0000E+03   203.17 0.09644  4.560E-12  1.548E-01  6.905E-01  1.792E-12  2.600E-04  4.600E-04  2.652E-14  6.987E-20  1.000E-30  1.000E-30
  9.118E+03  1.0000E+03   203.75 0.09644  4.557E-12  1.539E-01  6.922E-01  1.788E-12  2.600E-04  4.600E-04  2.652E-14  6.911E-20  1.000E-30  1.000E-30
  9.218E+03  1.0000E+03   205.11 0.09644  4.566E-12  1.531E-01  6.939E-01  1.784E-12  2.600E-04  4.600E-04  2.655E-14  6.827E-20  1.000E-30  1.000E-30
  9.318E+03  1.0000E+03   206.20 0.09644  4.597E-12  1.522E-01  6.955E-01  1.780E-12  2.600E-04  4.600E-04  2.663E-14  6.727E-20  1.000E-30  1.000E-30
  9.418E+03  1.0000E+03   207.05 0.09644  4.615E-12  1.514E-01  6.972E-01  1.776E-12  2.600E-04  4.600E-04  2.667E-14  6.635E-20  1.000E-30  1.000E-30
  9.518E+03  1.0000E+03   207.06 0.09644  4.623E-12  1.506E-01  6.989E-01  1.770E-12  2.600E-04  4.600E-04  2.668E-14  6.549E-20  1.000E-30  1.000E-30
  9.618E+03  1.0000E+03   204.63 0.09644  4.603E-12  1.497E-01  7.005E-01  1.763E-12  2.600E-04  4.600E-04  2.661E-14  6.481E-20  1.000E-30  1.000E-30
  9.718E+03  1.0000E+03   205.58 0.09644  4.509E-12  1.489E-01  7.021E-01  1.753E-12  2.600E-04  4.600E-04  2.635E-14  6.464E-20  1.000E-30  1.000E-30
  9.818E+03  1.0000E+03   206.39 0.09644  4.526E-12  1.481E-01  7.038E-01  1.749E-12  2.600E-04  4.600E-04  2.639E-14  6.378E-20  1.000E-30  1.000E-30
  9.918E+03  1.0000E+03   207.08 0.09644  4.536E-12  1.473E-01  7.054E-01  1.744E-12  2.600E-04  4.600E-04  2.641E-14  6.297E-20  1.000E-30  1.000E-30
  1.002E+04  1.0000E+03   204.65 0.09644  4.540E-12  1.465E-01  7.070E-01  1.739E-12  2.600E-04  4.600E-04  2.641E-14  6.218E-20  1.000E-30  1.000E-30
  1.102E+04  1.0000E+03   207.52 0.09644  4.337E-12  1.388E-01  7.224E-01  1.686E-12  2.600E-04  4.600E-04  2.587E-14  5.661E-20  1.000E-30  1.000E-30
  1.202E+04  1.0000E+03   207.14 0.09644  4.243E-12  1.314E-01  7.371E-01  1.628E-12  2.600E-04  4.600E-04  2.550E-14  5.066E-20  1.000E-30  1.000E-30
  1.302E+04  1.0000E+03   203.04 0.09644  4.078E-12  1.245E-01  7.510E-01  1.573E-12  2.600E-04  4.600E-04  2.500E-14  4.583E-20  1.000E-30  1.000E-30
  1.402E+04  1.0000E+03   205.02 0.09644  3.857E-12  1.179E-01  7.643E-01  1.523E-12  2.600E-04  4.600E-04  2.445E-14  4.191E-20  1.000E-30  1.000E-30
  1.502E+04  1.0000E+03   204.84 0.09644  3.755E-12  1.116E-01  7.767E-01  1.474E-12  2.600E-04  4.600E-04  2.410E-14  3.764E-20  1.000E-30  1.000E-30
  1.602E+04  1.0000E+03   203.53 0.09644  3.599E-12  1.058E-01  7.884E-01  1.423E-12  2.600E-04  4.600E-04  2.361E-14  3.405E-20  1.000E-30  1.000E-30
  1.702E+04  1.0000E+03   202.39 0.09644  3.426E-12  1.002E-01  7.995E-01  1.373E-12  2.600E-04  4.600E-04  2.308E-14  3.091E-20  1.000E-30  1.000E-30
  1.802E+04  1.0000E+03   197.76 0.09644  3.263E-12  9.495E-02  8.101E-01  1.326E-12  2.600E-04  4.600E-04  2.258E-14  2.803E-20  1.000E-30  1.000E-30
  1.902E+04  1.0000E+03   196.37 0.09644  3.047E-12  8.996E-02  8.201E-01  1.280E-12  2.600E-04  4.600E-04  2.199E-14  2.570E-20  1.000E-30  1.000E-30
  2.002E+04  1.0000E+03   195.44 0.09644  2.900E-12  8.526E-02  8.295E-01  1.237E-12  2.600E-04  4.600E-04  2.157E-14  2.334E-20  1.000E-30  1.000E-30
  2.102E+04  1.0000E+03   192.01 0.09644  2.759E-12  8.087E-02  8.383E-01  1.195E-12  2.600E-04  4.600E-04  2.112E-14  2.119E-20  1.000E-30  1.000E-30
  2.202E+04  1.0000E+03   194.28 0.09644  2.579E-12  7.670E-02  8.466E-01  1.152E-12  2.600E-04  4.600E-04  2.057E-14  1.938E-20  1.000E-30  1.000E-30
  2.302E+04  1.0000E+03   193.10 0.09644  2.498E-12  7.280E-02  8.544E-01  1.115E-12  2.600E-04  4.600E-04  2.026E-14  1.745E-20  1.000E-30  1.000E-30
  2.402E+04  1.0000E+03   193.26 0.09644  2.358E-12  6.918E-02  8.616E-01  1.074E-12  2.600E-04  4.600E-04  1.976E-14  1.591E-20  1.000E-30  1.000E-30
  2.502E+04  1.0000E+03   193.71 0.09644  2.246E-12  6.582E-02  8.684E-01  1.037E-12  2.600E-04  4.600E-04  1.934E-14  1.447E-20  1.000E-30  1.000E-30
  2.602E+04  1.0000E+03   192.38 0.09644  2.142E-12  6.268E-02  8.746E-01  1.001E-12  2.600E-04  4.600E-04  1.893E-14  1.318E-20  1.000E-30  1.000E-30
  2.702E+04  1.0000E+03   190.33 0.09644  2.018E-12  5.976E-02  8.805E-01  9.662E-13  2.600E-04  4.600E-04  1.846E-14  1.209E-20  1.000E-30  1.000E-30
  2.802E+04  1.0000E+03   193.77 0.09644  1.895E-12  5.702E-02  8.860E-01  9.331E-13  2.600E-04  4.600E-04  1.801E-14  1.113E-20  1.000E-30  1.000E-30
  2.902E+04  1.0000E+03   194.48 0.09644  1.852E-12  5.452E-02  8.910E-01  9.066E-13  2.600E-04  4.600E-04  1.780E-14  1.012E-20  1.000E-30  1.000E-30
  3.002E+04  1.0000E+03   191.53 0.09644  1.771E-12  5.221E-02  8.956E-01  8.777E-13  2.600E-04  4.600E-04  1.744E-14  9.299E-21  1.000E-30  1.000E-30
  3.102E+04  1.0000E+03   191.29 0.09644  1.650E-12  5.004E-02  8.999E-01  8.477E-13  2.600E-04  4.600E-04  1.697E-14  8.647E-21  1.000E-30  1.000E-30
  3.202E+04  1.0000E+03   191.78 0.09644  1.576E-12  4.805E-02  9.039E-01  8.236E-13  2.600E-04  4.600E-04  1.667E-14  8.010E-21  1.000E-30  1.000E-30
  3.302E+04  1.0000E+03   190.57 0.09644  1.515E-12  4.622E-02  9.076E-01  8.014E-13  2.600E-04  4.600E-04  1.641E-14  7.427E-21  1.000E-30  1.000E-30
  3.402E+04  1.0000E+03   190.60 0.09644  1.438E-12  4.453E-02  9.109E-01  7.792E-13  2.600E-04  4.600E-04  1.609E-14  6.940E-21  1.000E-30  1.000E-30
  3.502E+04  1.0000E+03   191.78 0.09644  1.382E-12  4.298E-02  9.140E-01  7.599E-13  2.600E-04  4.600E-04  1.585E-14  6.484E-21  1.000E-30  1.000E-30
  3.602E+04  1.0000E+03   189.07 0.09644  1.341E-12  4.156E-02  9.169E-01  7.427E-13  2.600E-04  4.600E-04  1.566E-14  6.059E-21  1.000E-30  1.000E-30
  3.702E+04  1.0000E+03   190.41 0.09644  1.263E-12  4.022E-02  9.196E-01  7.230E-13  2.600E-04  4.600E-04  1.533E-14  5.735E-21  1.000E-30  1.000E-30
  3.802E+04  1.0000E+03   191.04 0.09644  1.234E-12  3.902E-02  9.220E-01  7.092E-13  2.600E-04  4.600E-04  1.519E-14  5.390E-21  1.000E-30  1.000E-30
  3.902E+04  1.0000E+03   188.55 0.09644  1.199E-12  3.793E-02  9.241E-01  6.956E-13  2.600E-04  4.600E-04  1.503E-14  5.096E-21  1.000E-30  1.000E-30
  4.002E+04  1.0000E+03   189.24 0.09644  1.138E-12  3.692E-02  9.262E-01  6.803E-13  2.600E-04  4.600E-04  1.477E-14  4.872E-21  1.000E-30  1.000E-30
  4.102E+04  1.0000E+03   190.69 0.09644  1.112E-12  3.601E-02  9.280E-01  6.695E-13  2.600E-04  4.600E-04  1.465E-14  4.633E-21  1.000E-30  1.000E-30
  4.202E+04  1.0000E+03   190.55 0.09644  1.096E-12  3.519E-02  9.296E-01  6.601E-13  2.600E-04  4.600E-04  1.457E-14  4.414E-21  1.000E-30  1.000E-30
  4.302E+04  1.0000E+03   188.71 0.09644  1.066E-12  3.443E-02  9.311E-01  6.499E-13  2.600E-04  4.600E-04  1.443E-14  4.235E-21  1.000E-30  1.000E-30
  4.402E+04  1.0000E+03   189.01 0.09644  1.024E-12  3.373E-02  9.325E-01  6.392E-13  2.600E-04  4.600E-04  1.424E-14  4.091E-21  1.000E-30  1.000E-30
  4.502E+04  1.0000E+03   189.12 0.09644  1.005E-12  3.310E-02  9.338E-01  6.316E-13  2.600E-04  4.600E-04  1.416E-14  3.941E-21  1.000E-30  1.000E-30
  4.602E+04  1.0000E+03   189.38 0.09644  9.862E-13  3.253E-02  9.349E-01  6.245E-13  2.600E-04  4.600E-04  1.407E-14  3.809E-21  1.000E-30  1.000E-30
  4.702E+04  1.0000E+03   187.97 0.09644  9.703E-13  3.201E-02  9.360E-01  6.181E-13  2.600E-04  4.600E-04  1.400E-14  3.690E-21  1.000E-30  1.000E-30
  4.802E+04  1.0000E+03   189.44 0.09644  9.419E-13  3.152E-02  9.369E-01  6.108E-13  2.600E-04  4.600E-04  1.387E-14  3.597E-21  1.000E-30  1.000E-30
  4.902E+04  1.0000E+03   189.43 0.09644  9.396E-13  3.110E-02  9.378E-01  6.068E-13  2.600E-04  4.600E-04  1.386E-14  3.489E-21  1.000E-30  1.000E-30
  5.002E+04  1.0000E+03   188.51 0.09644  9.261E-13  3.072E-02  9.386E-01  6.018E-13  2.600E-04  4.600E-04  1.379E-14  3.407E-21  1.000E-30  1.000E-30
  5.102E+04  1.0000E+03   189.51 0.09644  9.063E-13  3.036E-02  9.393E-01  5.965E-13  2.600E-04  4.600E-04  1.371E-14  3.338E-21  1.000E-30  1.000E-30
  5.202E+04  1.0000E+03   189.37 0.09644  9.040E-13  3.005E-02  9.399E-01  5.935E-13  2.600E-04  4.600E-04  1.369E-14  3.263E-21  1.000E-30  1.000E-30
  5.302E+04  1.0000E+03   189.40 0.09644  8.929E-13  2.976E-02  9.405E-01  5.898E-13  2.600E-04  4.600E-04  1.364E-14  3.205E-21  1.000E-30  1.000E-30
  5.402E+04  1.0000E+03   189.42 0.09644  8.843E-13  2.950E-02  9.410E-01  5.866E-13  2.600E-04  4.600E-04  1.360E-14  3.151E-21  1.000E-30  1.000E-30
  5.502E+04  1.0000E+03   187.77 0.09644  8.766E-13  2.927E-02  9.415E-01  5.837E-13  2.600E-04  4.600E-04  1.357E-14  3.102E-21  1.000E-30  1.000E-30
  5.602E+04  1.0000E+03   187.40 0.09644  8.567E-13  2.904E-02  9.419E-01  5.796E-13  2.600E-04  4.600E-04  1.348E-14  3.070E-21  1.000E-30  1.000E-30
  5.702E+04  1.0000E+03   188.00 0.09644  8.479E-13  2.883E-02  9.423E-01  5.770E-13  2.600E-04  4.600E-04  1.345E-14  3.030E-21  1.000E-30  1.000E-30
  5.802E+04  1.0000E+03   188.29 0.09644  8.471E-13  2.865E-02  9.427E-01  5.756E-13  2.600E-04  4.600E-04  1.345E-14  2.987E-21  1.000E-30  1.000E-30
  5.902E+04  1.0000E+03   188.75 0.09644  8.443E-13  2.848E-02  9.430E-01  5.739E-13  2.600E-04  4.600E-04  1.344E-14  2.952E-21  1.000E-30  1.000E-30
  6.002E+04  1.0000E+03   188.43 0.09644  8.433E-13  2.834E-02  9.433E-01  5.727E-13  2.600E-04  4.600E-04  1.344E-14  2.920E-21  1.000E-30  1.000E-30
  6.102E+04  1.0000E+03   188.08 0.09644  8.367E-13  2.821E-02  9.436E-01  5.708E-13  2.600E-04  4.600E-04  1.341E-14  2.897E-21  1.000E-30  1.000E-30
  6.202E+04  1.0000E+03   187.84 0.09644  8.304E-13  2.809E-02  9.438E-01  5.691E-13  2.600E-04  4.600E-04  1.338E-14  2.875E-21  1.000E-30  1.000E-30
  6.302E+04  1.0000E+03   188.02 0.09644  8.253E-13  2.798E-02  9.440E-01  5.677E-13  2.600E-04  4.600E-04  1.336E-14  2.855E-21  1.000E-30  1.000E-30
  6.402E+04  1.0000E+03   187.46 0.09644  8.237E-13  2.788E-02  9.442E-01  5.668E-13  2.600E-04  4.600E-04  1.336E-14  2.833E-21  1.000E-30  1.000E-30
  6.502E+04  1.0000E+03   186.87 0.09644  8.168E-13  2.778E-02  9.444E-01  5.653E-13  2.600E-04  4.600E-04  1.333E-14  2.819E-21  1.000E-30  1.000E-30
  6.602E+04  1.0000E+03   187.85 0.09644  8.101E-13  2.769E-02  9.446E-01  5.639E-13  2.600E-04  4.600E-04  1.330E-14  2.806E-21  1.000E-30  1.000E-30
  6.702E+04  1.0000E+03   189.12 0.09644  8.155E-13  2.762E-02  9.448E-01  5.640E-13  2.600E-04  4.600E-04  1.333E-14  2.784E-21  1.000E-30  1.000E-30
  6.802E+04  1.0000E+03   188.48 0.09644  8.231E-13  2.756E-02  9.449E-01  5.644E-13  2.600E-04  4.600E-04  1.337E-14  2.764E-21  1.000E-30  1.000E-30
  6.902E+04  1.0000E+03   187.15 0.09644  8.163E-13  2.751E-02  9.450E-01  5.631E-13  2.600E-04  4.600E-04  1.334E-14  2.758E-21  1.000E-30  1.000E-30
  7.002E+04  1.0000E+03   187.81 0.09644  8.047E-13  2.745E-02  9.451E-01  5.613E-13  2.600E-04  4.600E-04  1.328E-14  2.756E-21  1.000E-30  1.000E-30
  7.102E+04  1.0000E+03   187.23 0.09644  8.083E-13  2.740E-02  9.452E-01  5.614E-13  2.600E-04  4.600E-04  1.330E-14  2.741E-21  1.000E-30  1.000E-30
  7.202E+04  1.0000E+03   188.66 0.09644  8.027E-13  2.734E-02  9.453E-01  5.604E-13  2.600E-04  4.600E-04  1.328E-14  2.735E-21  1.000E-30  1.000E-30
  7.302E+04  1.0000E+03   188.59 0.09644  8.123E-13  2.731E-02  9.454E-01  5.613E-13  2.600E-04  4.600E-04  1.333E-14  2.718E-21  1.000E-30  1.000E-30
  7.402E+04  1.0000E+03   187.41 0.09644  8.106E-13  2.728E-02  9.454E-01  5.608E-13  2.600E-04  4.600E-04  1.332E-14  2.713E-21  1.000E-30  1.000E-30
  7.502E+04  1.0000E+03   186.93 0.09644  8.008E-13  2.724E-02  9.455E-01  5.593E-13  2.600E-04  4.600E-04  1.327E-14  2.714E-21  1.000E-30  1.000E-30
  7.602E+04  1.0000E+03   188.19 0.09644  7.965E-13  2.720E-02  9.456E-01  5.586E-13  2.600E-04  4.600E-04  1.326E-14  2.710E-21  1.000E-30  1.000E-30
  7.702E+04  1.0000E+03   188.98 0.09644  8.052E-13  2.718E-02  9.456E-01  5.595E-13  2.600E-04  4.600E-04  1.330E-14  2.696E-21  1.000E-30  1.000E-30
  7.802E+04  1.0000E+03   188.12 0.09644  8.103E-13  2.717E-02  9.457E-01  5.600E-13  2.600E-04  4.600E-04  1.332E-14  2.688E-21  1.000E-30  1.000E-30
  7.902E+04  1.0000E+03   189.27 0.09644  8.032E-13  2.715E-02  9.457E-01  5.589E-13  2.600E-04  4.600E-04  1.329E-14  2.690E-21  1.000E-30  1.000E-30
  8.002E+04  1.0000E+03   188.78 0.09644  8.112E-13  2.714E-02  9.457E-01  5.598E-13  2.600E-04  4.600E-04  1.332E-14  2.680E-21  1.000E-30  1.000E-30
  8.102E+04  1.0000E+03   187.02 0.09644  8.069E-13  2.713E-02  9.457E-01  5.591E-13  2.600E-04  4.600E-04  1.330E-14  2.682E-21  1.000E-30  1.000E-30
  8.202E+04  1.0000E+03   187.33 0.09644  7.934E-13  2.710E-02  9.458E-01  5.573E-13  2.600E-04  4.600E-04  1.324E-14  2.690E-21  1.000E-30  1.000E-30
  8.302E+04  1.0000E+03   188.13 0.09644  7.955E-13  2.708E-02  9.458E-01  5.575E-13  2.600E-04  4.600E-04  1.325E-14  2.683E-21  1.000E-30  1.000E-30
  8.402E+04  1.0000E+03   188.74 0.09644  8.012E-13  2.707E-02  9.459E-01  5.582E-13  2.600E-04  4.600E-04  1.328E-14  2.675E-21  1.000E-30  1.000E-30
  8.502E+04  1.0000E+03   188.78 0.09644  8.055E-13  2.706E-02  9.459E-01  5.586E-13  2.600E-04  4.600E-04  1.330E-14  2.669E-21  1.000E-30  1.000E-30
  8.602E+04  1.0000E+03   188.38 0.09644  8.054E-13  2.706E-02  9.459E-01  5.585E-13  2.600E-04  4.600E-04  1.330E-14  2.668E-21  1.000E-30  1.000E-30
  8.702E+04  1.0000E+03   187.68 0.09644  8.021E-13  2.705E-02  9.459E-01  5.580E-13  2.600E-04  4.600E-04  1.328E-14  2.670E-21  1.000E-30  1.000E-30
  8.802E+04  1.0000E+03   188.23 0.09644  7.966E-13  2.704E-02  9.459E-01  5.573E-13  2.600E-04  4.600E-04  1.326E-14  2.673E-21  1.000E-30  1.000E-30
  8.902E+04  1.0000E+03   189.62 0.09644  8.007E-13  2.703E-02  9.459E-01  5.577E-13  2.600E-04  4.600E-04  1.328E-14  2.667E-21  1.000E-30  1.000E-30
  9.002E+04  1.0000E+03   188.00 0.09644  8.108E-13  2.704E-02  9.459E-01  5.589E-13  2.600E-04  4.600E-04  1.332E-14  2.658E-21  1.000E-30  1.000E-30
  9.102E+04  1.0000E+03   188.30 0.09644  7.984E-13  2.703E-02  9.459E-01  5.573E-13  2.600E-04  4.600E-04  1.326E-14  2.669E-21  1.000E-30  1.000E-30
  9.202E+04  1.0000E+03   187.64 0.09644  8.006E-13  2.703E-02  9.459E-01  5.576E-13  2.600E-04  4.600E-04  1.328E-14  2.665E-21  1.000E-30  1.000E-30
  9.302E+04  1.0000E+03   188.45 0.09644  7.956E-13  2.701E-02  9.460E-01  5.570E-13  2.600E-04  4.600E-04  1.325E-14  2.668E-21  1.000E-30  1.000E-30
  9.402E+04  1.0000E+03   188.71 0.09644  8.016E-13  2.701E-02  9.460E-01  5.577E-13  2.600E-04  4.600E-04  1.328E-14  2.662E-21  1.000E-30  1.000E-30
  9.502E+04  1.0000E+03   188.79 0.09644  8.034E-13  2.701E-02  9.460E-01  5.579E-13  2.600E-04  4.600E-04  1.329E-14  2.660E-21  1.000E-30  1.000E-30
  9.602E+04  1.0000E+03   188.80 0.09644  8.038E-13  2.701E-02  9.460E-01  5.579E-13  2.600E-04  4.600E-04  1.329E-14  2.660E-21  1.000E-30  1.000E-30
  9.702E+04  1.0000E+03   188.78 0.09644  8.038E-13  2.701E-02  9.460E-01  5.579E-13  2.600E-04  4.600E-04  1.329E-14  2.660E-21  1.000E-30  1.000E-30
  9.802E+04  1.0000E+03   188.02 0.09644  8.036E-13  2.702E-02  9.460E-01  5.578E-13  2.600E-04  4.600E-04  1.329E-14  2.660E-21  1.000E-30  1.000E-30
  9.902E+04  1.0000E+03   188.89 0.09644  7.979E-13  2.701E-02  9.460E-01  5.571E-13  2.600E-04  4.600E-04  1.326E-14  2.664E-21  1.000E-30  1.000E-30
  1.000E+05  1.0000E+03   188.43 0.09644  8.044E-13  2.701E-02  9.460E-01  5.579E-13  2.600E-04  4.600E-04  1.329E-14  2.658E-21  1.000E-30  1.000E-30
  1.010E+05  1.0000E+03   187.40 0.09644  8.009E-13  2.701E-02  9.460E-01  5.575E-13  2.600E-04  4.600E-04  1.328E-14  2.661E-21  1.000E-30  1.000E-30
  1.020E+05  1.0000E+03   188.85 0.09644  7.932E-13  2.700E-02  9.460E-01  5.565E-13  2.600E-04  4.600E-04  1.324E-14  2.667E-21  1.000E-30  1.000E-30
  1.030E+05  1.0000E+03   189.34 0.09644  8.042E-13  2.700E-02  9.460E-01  5.579E-13  2.600E-04  4.600E-04  1.330E-14  2.657E-21  1.000E-30  1.000E-30
  1.040E+05  1.0000E+03   188.76 0.09644  8.077E-13  2.701E-02  9.460E-01  5.583E-13  2.600E-04  4.600E-04  1.331E-14  2.654E-21  1.000E-30  1.000E-30
  1.050E+05  1.0000E+03   187.82 0.09644  8.032E-13  2.701E-02  9.460E-01  5.577E-13  2.600E-04  4.600E-04  1.329E-14  2.659E-21  1.000E-30  1.000E-30
  1.060E+05  1.0000E+03   188.84 0.09644  7.962E-13  2.700E-02  9.460E-01  5.568E-13  2.600E-04  4.600E-04  1.325E-14  2.664E-21  1.000E-30  1.000E-30
  1.070E+05  1.0000E+03   189.37 0.09644  8.039E-13  2.700E-02  9.460E-01  5.578E-13  2.600E-04  4.600E-04  1.329E-14  2.657E-21  1.000E-30  1.000E-30
  1.080E+05  1.0000E+03   189.32 0.09644  8.078E-13  2.701E-02  9.460E-01  5.583E-13  2.600E-04  4.600E-04  1.331E-14  2.655E-21  1.000E-30  1.000E-30
  1.090E+05  1.0000E+03   187.66 0.09644  8.073E-13  2.702E-02  9.460E-01  5.582E-13  2.600E-04  4.600E-04  1.330E-14  2.657E-21  1.000E-30  1.000E-30
  1.100E+05  1.0000E+03   189.26 0.09644  7.949E-13  2.701E-02  9.460E-01  5.566E-13  2.600E-04  4.600E-04  1.325E-14  2.667E-21  1.000E-30  1.000E-30
  1.110E+05  1.0000E+03   188.55 0.09644  8.070E-13  2.701E-02  9.460E-01  5.582E-13  2.600E-04  4.600E-04  1.330E-14  2.656E-21  1.000E-30  1.000E-30
  1.120E+05  1.0000E+03   187.97 0.09644  8.016E-13  2.701E-02  9.460E-01  5.575E-13  2.600E-04  4.600E-04  1.328E-14  2.661E-21  1.000E-30  1.000E-30
  1.130E+05  1.0000E+03   188.36 0.09644  7.973E-13  2.701E-02  9.460E-01  5.570E-13  2.600E-04  4.600E-04  1.326E-14  2.664E-21  1.000E-30  1.000E-30
  1.140E+05  1.0000E+03   187.44 0.09644  8.003E-13  2.700E-02  9.460E-01  5.574E-13  2.600E-04  4.600E-04  1.328E-14  2.661E-21  1.000E-30  1.000E-30
  1.150E+05  1.0000E+03   188.60 0.09644  7.935E-13  2.699E-02  9.460E-01  5.565E-13  2.600E-04  4.600E-04  1.324E-14  2.665E-21  1.000E-30  1.000E-30
  1.160E+05  1.0000E+03   187.74 0.09644  8.022E-13  2.699E-02  9.460E-01  5.576E-13  2.600E-04  4.600E-04  1.329E-14  2.657E-21  1.000E-30  1.000E-30
  1.170E+05  1.0000E+03   186.88 0.09644  7.957E-13  2.699E-02  9.460E-01  5.568E-13  2.600E-04  4.600E-04  1.326E-14  2.662E-21  1.000E-30  1.000E-30
  1.180E+05  1.0000E+03   188.91 0.09644  7.893E-13  2.697E-02  9.461E-01  5.560E-13  2.600E-04  4.600E-04  1.323E-14  2.666E-21  1.000E-30  1.000E-30
  1.190E+05  1.0000E+03   189.51 0.09644  8.045E-13  2.698E-02  9.460E-01  5.579E-13  2.600E-04  4.600E-04  1.330E-14  2.652E-21  1.000E-30  1.000E-30
  1.200E+05  1.0000E+03   188.46 0.09644  8.088E-13  2.699E-02  9.460E-01  5.584E-13  2.600E-04  4.600E-04  1.332E-14  2.650E-21  1.000E-30  1.000E-30
  1.210E+05  1.0000E+03   189.15 0.09644  8.008E-13  2.699E-02  9.460E-01  5.574E-13  2.600E-04  4.600E-04  1.328E-14  2.657E-21  1.000E-30  1.000E-30
  1.220E+05  1.0000E+03   188.09 0.09644  8.059E-13  2.700E-02  9.460E-01  5.580E-13  2.600E-04  4.600E-04  1.330E-14  2.654E-21  1.000E-30  1.000E-30
  1.230E+05  1.0000E+03   188.95 0.09644  7.979E-13  2.699E-02  9.460E-01  5.570E-13  2.600E-04  4.600E-04  1.326E-14  2.661E-21  1.000E-30  1.000E-30
  1.240E+05  1.0000E+03   188.54 0.09644  8.044E-13  2.700E-02  9.460E-01  5.578E-13  2.600E-04  4.600E-04  1.329E-14  2.655E-21  1.000E-30  1.000E-30
  1.250E+05  1.0000E+03   187.81 0.09644  8.014E-13  2.700E-02  9.460E-01  5.574E-13  2.600E-04  4.600E-04  1.328E-14  2.658E-21  1.000E-30  1.000E-30
  1.260E+05  1.0000E+03   187.30 0.09644  7.960E-13  2.699E-02  9.460E-01  5.568E-13  2.600E-04  4.600E-04  1.325E-14  2.662E-21  1.000E-30  1.000E-30
  1.270E+05  1.0000E+03   188.54 0.09644  7.923E-13  2.698E-02  9.460E-01  5.563E-13  2.600E-04  4.600E-04  1.324E-14  2.664E-21  1.000E-30  1.000E-30
  1.280E+05  1.0000E+03   187.70 0.09644  8.016E-13  2.698E-02  9.460E-01  5.575E-13  2.600E-04  4.600E-04  1.329E-14  2.655E-21  1.000E-30  1.000E-30
  1.290E+05  1.0000E+03   187.04 0.09644  7.952E-13  2.698E-02  9.460E-01  5.567E-13  2.600E-04  4.600E-04  1.326E-14  2.660E-21  1.000E-30  1.000E-30
  1.300E+05  1.0000E+03   187.91 0.09644  7.903E-13  2.696E-02  9.461E-01  5.561E-13  2.600E-04  4.600E-04  1.323E-14  2.663E-21  1.000E-30  1.000E-30
  1.310E+05  1.0000E+03   187.82 0.09644  7.969E-13  2.696E-02  9.461E-01  5.569E-13  2.600E-04  4.600E-04  1.327E-14  2.656E-21  1.000E-30  1.000E-30
  1.320E+05  1.0000E+03   187.60 0.09644  7.961E-13  2.696E-02  9.461E-01  5.568E-13  2.600E-04  4.600E-04  1.326E-14  2.656E-21  1.000E-30  1.000E-30
  1.330E+05  1.0000E+03   187.55 0.09644  7.944E-13  2.695E-02  9.461E-01  5.566E-13  2.600E-04  4.600E-04  1.326E-14  2.656E-21  1.000E-30  1.000E-30
  1.340E+05  1.0000E+03   187.61 0.09644  7.940E-13  2.695E-02  9.461E-01  5.565E-13  2.600E-04  4.600E-04  1.326E-14  2.656E-21  1.000E-30  1.000E-30
  1.350E+05  1.0000E+03   187.80 0.09644  7.944E-13  2.694E-02  9.461E-01  5.566E-13  2.600E-04  4.600E-04  1.326E-14  2.655E-21  1.000E-30  1.000E-30
  1.360E+05  1.0000E+03   188.48 0.09644  7.958E-13  2.694E-02  9.461E-01  5.567E-13  2.600E-04  4.600E-04  1.326E-14  2.653E-21  1.000E-30  1.000E-30
  1.370E+05  1.0000E+03   187.86 0.09644  8.007E-13  2.695E-02  9.461E-01  5.573E-13  2.600E-04  4.600E-04  1.329E-14  2.649E-21  1.000E-30  1.000E-30
  1.380E+05  1.0000E+03   188.10 0.09644  7.960E-13  2.695E-02  9.461E-01  5.567E-13  2.600E-04  4.600E-04  1.326E-14  2.653E-21  1.000E-30  1.000E-30
  1.390E+05  1.0000E+03   187.28 0.09644  7.978E-13  2.695E-02  9.461E-01  5.569E-13  2.600E-04  4.600E-04  1.327E-14  2.652E-21  1.000E-30  1.000E-30
  1.400E+05  1.0000E+03   188.10 0.09644  7.917E-13  2.694E-02  9.461E-01  5.562E-13  2.600E-04  4.600E-04  1.324E-14  2.656E-21  1.000E-30  1.000E-30
  1.410E+05  1.0000E+03   188.12 0.09644  7.978E-13  2.694E-02  9.461E-01  5.569E-13  2.600E-04  4.600E-04  1.327E-14  2.651E-21  1.000E-30  1.000E-30
  1.420E+05  1.0000E+03   188.21 0.09644  7.978E-13  2.694E-02  9.461E-01  5.569E-13  2.600E-04  4.600E-04  1.327E-14  2.651E-21  1.000E-30  1.000E-30
  1.430E+05  1.0000E+03   187.82 0.09644  7.985E-13  2.694E-02  9.461E-01  5.570E-13  2.600E-04  4.600E-04  1.327E-14  2.651E-21  1.000E-30  1.000E-30
  1.440E+05  1.0000E+03   189.07 0.09644  7.956E-13  2.694E-02  9.461E-01  5.566E-13  2.600E-04  4.600E-04  1.326E-14  2.653E-21  1.000E-30  1.000E-30
  1.450E+05  1.0000E+03   187.54 0.09644  8.048E-13  2.695E-02  9.461E-01  5.578E-13  2.600E-04  4.600E-04  1.330E-14  2.646E-21  1.000E-30  1.000E-30
  1.460E+05  1.0000E+03   188.30 0.09644  7.934E-13  2.695E-02  9.461E-01  5.563E-13  2.600E-04  4.600E-04  1.325E-14  2.656E-21  1.000E-30  1.000E-30
  1.470E+05  1.0000E+03   187.65 0.09644  7.991E-13  2.695E-02  9.461E-01  5.570E-13  2.600E-04  4.600E-04  1.328E-14  2.651E-21  1.000E-30  1.000E-30
  1.480E+05  1.0000E+03   188.63 0.09644  7.943E-13  2.695E-02  9.461E-01  5.564E-13  2.600E-04  4.600E-04  1.325E-14  2.655E-21  1.000E-30  1.000E-30
  1.490E+05  1.0000E+03   189.45 0.09644  8.016E-13  2.695E-02  9.461E-01  5.574E-13  2.600E-04  4.600E-04  1.329E-14  2.649E-21  1.000E-30  1.000E-30
  1.500E+05  1.0000E+03   188.53 0.09644  8.076E-13  2.697E-02  9.461E-01  5.581E-13  2.600E-04  4.600E-04  1.331E-14  2.646E-21  1.000E-30  1.000E-30
  1.510E+05  1.0000E+03   188.05 0.09644  8.007E-13  2.697E-02  9.461E-01  5.572E-13  2.600E-04  4.600E-04  1.328E-14  2.653E-21  1.000E-30  1.000E-30
  1.520E+05  1.0000E+03   188.02 0.09644  7.972E-13  2.697E-02  9.461E-01  5.568E-13  2.600E-04  4.600E-04  1.326E-14  2.656E-21  1.000E-30  1.000E-30
  1.530E+05  1.0000E+03   188.50 0.09644  7.970E-13  2.697E-02  9.461E-01  5.568E-13  2.600E-04  4.600E-04  1.326E-14  2.656E-21  1.000E-30  1.000E-30
  1.540E+05  1.0000E+03   189.14 0.09644  8.007E-13  2.697E-02  9.461E-01  5.573E-13  2.600E-04  4.600E-04  1.328E-14  2.653E-21  1.000E-30  1.000E-30
  1.550E+05  1.0000E+03   188.85 0.09644  8.055E-13  2.698E-02  9.460E-01  5.579E-13  2.600E-04  4.600E-04  1.330E-14  2.650E-21  1.000E-30  1.000E-30
  1.560E+05  1.0000E+03   187.92 0.09644  8.033E-13  2.698E-02  9.460E-01  5.576E-13  2.600E-04  4.600E-04  1.329E-14  2.653E-21  1.000E-30  1.000E-30
  1.570E+05  1.0000E+03   187.76 0.09644  7.964E-13  2.698E-02  9.460E-01  5.567E-13  2.600E-04  4.600E-04  1.326E-14  2.659E-21  1.000E-30  1.000E-30
  1.580E+05  1.0000E+03   187.75 0.09644  7.953E-13  2.697E-02  9.461E-01  5.566E-13  2.600E-04  4.600E-04  1.325E-14  2.659E-21  1.000E-30  1.000E-30
  1.590E+05  1.0000E+03   188.35 0.09644  7.953E-13  2.697E-02  9.461E-01  5.566E-13  2.600E-04  4.600E-04  1.326E-14  2.658E-21  1.000E-30  1.000E-30
  1.600E+05  1.0000E+03   187.84 0.09644  7.998E-13  2.697E-02  9.461E-01  5.572E-13  2.600E-04  4.600E-04  1.328E-14  2.654E-21  1.000E-30  1.000E-30
  1.610E+05  1.0000E+03   188.83 0.09644  7.960E-13  2.697E-02  9.461E-01  5.567E-13  2.600E-04  4.600E-04  1.326E-14  2.657E-21  1.000E-30  1.000E-30
  1.620E+05  1.0000E+03   187.63 0.09644  8.034E-13  2.697E-02  9.461E-01  5.577E-13  2.600E-04  4.600E-04  1.329E-14  2.651E-21  1.000E-30  1.000E-30
  1.630E+05  1.0000E+03   188.35 0.09644  7.944E-13  2.697E-02  9.461E-01  5.565E-13  2.600E-04  4.600E-04  1.325E-14  2.659E-21  1.000E-30  1.000E-30
  1.640E+05  1.0000E+03   188.19 0.09644  7.998E-13  2.697E-02  9.461E-01  5.572E-13  2.600E-04  4.600E-04  1.328E-14  2.654E-21  1.000E-30  1.000E-30
  1.650E+05  1.0000E+03   188.15 0.09644  7.986E-13  2.697E-02  9.461E-01  5.570E-13  2.600E-04  4.600E-04  1.327E-14  2.655E-21  1.000E-30  1.000E-30
  1.660E+05  1.0000E+03   188.13 0.09644  7.983E-13  2.697E-02  9.461E-01  5.570E-13  2.600E-04  4.600E-04  1.327E-14  2.655E-21  1.000E-30  1.000E-30
  1.670E+05  1.0000E+03   187.86 0.09644  7.982E-13  2.697E-02  9.461E-01  5.570E-13  2.600E-04  4.600E-04  1.327E-14  2.655E-21  1.000E-30  1.000E-30
  1.680E+05  1.0000E+03   187.60 0.09644  7.961E-13  2.696E-02  9.461E-01  5.567E-13  2.600E-04  4.600E-04  1.326E-14  2.656E-21  1.000E-30  1.000E-30
  1.690E+05  1.0000E+03   188.23 0.09644  7.943E-13  2.696E-02  9.461E-01  5.565E-13  2.600E-04  4.600E-04  1.325E-14  2.657E-21  1.000E-30  1.000E-30
  1.700E+05  1.0000E+03   188.31 0.09644  7.989E-13  2.696E-02  9.461E-01  5.571E-13  2.600E-04  4.600E-04  1.328E-14  2.653E-21  1.000E-30  1.000E-30
  1.710E+05  1.0000E+03   187.43 0.09644  7.995E-13  2.696E-02  9.461E-01  5.572E-13  2.600E-04  4.600E-04  1.328E-14  2.653E-21  1.000E-30  1.000E-30
  1.720E+05  1.0000E+03   186.66 0.09644  7.929E-13  2.695E-02  9.461E-01  5.563E-13  2.600E-04  4.600E-04  1.325E-14  2.658E-21  1.000E-30  1.000E-30
  1.730E+05  1.0000E+03   187.74 0.09644  7.872E-13  2.694E-02  9.461E-01  5.557E-13  2.600E-04  4.600E-04  1.322E-14  2.661E-21  1.000E-30  1.000E-30
  1.740E+05  1.0000E+03   187.25 0.09644  7.953E-13  2.694E-02  9.461E-01  5.567E-13  2.600E-04  4.600E-04  1.326E-14  2.653E-21  1.000E-30  1.000E-30
  1.750E+05  1.0000E+03   186.96 0.09644  7.916E-13  2.693E-02  9.461E-01  5.562E-13  2.600E-04  4.600E-04  1.325E-14  2.655E-21  1.000E-30  1.000E-30
  1.760E+05  1.0000E+03   187.53 0.09644  7.895E-13  2.692E-02  9.462E-01  5.559E-13  2.600E-04  4.600E-04  1.324E-14  2.655E-21  1.000E-30  1.000E-30
  1.770E+05  1.0000E+03   187.18 0.09644  7.937E-13  2.692E-02  9.462E-01  5.565E-13  2.600E-04  4.600E-04  1.326E-14  2.651E-21  1.000E-30  1.000E-30
  1.780E+05  1.0000E+03   188.45 0.09644  7.910E-13  2.691E-02  9.462E-01  5.561E-13  2.600E-04  4.600E-04  1.325E-14  2.652E-21  1.000E-30  1.000E-30
  1.790E+05  1.0000E+03   187.36 0.09644  8.004E-13  2.692E-02  9.462E-01  5.573E-13  2.600E-04  4.600E-04  1.329E-14  2.644E-21  1.000E-30  1.000E-30
  1.800E+05  1.0000E+03   187.24 0.09644  7.921E-13  2.692E-02  9.462E-01  5.562E-13  2.600E-04  4.600E-04  1.325E-14  2.652E-21  1.000E-30  1.000E-30
  1.810E+05  1.0000E+03   189.13 0.09644  7.912E-13  2.691E-02  9.462E-01  5.561E-13  2.600E-04  4.600E-04  1.325E-14  2.652E-21  1.000E-30  1.000E-30
  1.820E+05  1.0000E+03   188.85 0.09644  8.052E-13  2.693E-02  9.461E-01  5.578E-13  2.600E-04  4.600E-04  1.331E-14  2.641E-21  1.000E-30  1.000E-30
  1.830E+05  1.0000E+03   189.59 0.09644  8.030E-13  2.694E-02  9.461E-01  5.575E-13  2.600E-04  4.600E-04  1.330E-14  2.644E-21  1.000E-30  1.000E-30
  1.840E+05  1.0000E+03   189.03 0.09644  8.084E-13  2.695E-02  9.461E-01  5.581E-13  2.600E-04  4.600E-04  1.332E-14  2.642E-21  1.000E-30  1.000E-30
  1.850E+05  1.0000E+03   187.59 0.09644  8.041E-13  2.696E-02  9.461E-01  5.575E-13  2.600E-04  4.600E-04  1.329E-14  2.648E-21  1.000E-30  1.000E-30
  1.860E+05  1.0000E+03   187.45 0.09644  7.935E-13  2.696E-02  9.461E-01  5.562E-13  2.600E-04  4.600E-04  1.324E-14  2.658E-21  1.000E-30  1.000E-30
  1.870E+05  1.0000E+03   187.33 0.09644  7.926E-13  2.695E-02  9.461E-01  5.562E-13  2.600E-04  4.600E-04  1.324E-14  2.657E-21  1.000E-30  1.000E-30
  1.880E+05  1.0000E+03   187.78 0.09644  7.918E-13  2.694E-02  9.461E-01  5.561E-13  2.600E-04  4.600E-04  1.324E-14  2.657E-21  1.000E-30  1.000E-30
  1.890E+05  1.0000E+03   187.44 0.09644  7.953E-13  2.694E-02  9.461E-01  5.566E-13  2.600E-04  4.600E-04  1.326E-14  2.653E-21  1.000E-30  1.000E-30
  1.900E+05  1.0000E+03   188.45 0.09644  7.928E-13  2.694E-02  9.461E-01  5.563E-13  2.600E-04  4.600E-04  1.325E-14  2.655E-21  1.000E-30  1.000E-30
  1.910E+05  1.0000E+03   188.34 0.09644  8.003E-13  2.694E-02  9.461E-01  5.572E-13  2.600E-04  4.600E-04  1.328E-14  2.648E-21  1.000E-30  1.000E-30
  1.920E+05  1.0000E+03   188.59 0.09644  7.994E-13  2.695E-02  9.461E-01  5.571E-13  2.600E-04  4.600E-04  1.328E-14  2.650E-21  1.000E-30  1.000E-30
  1.930E+05  1.0000E+03   187.87 0.09644  8.012E-13  2.695E-02  9.461E-01  5.573E-13  2.600E-04  4.600E-04  1.329E-14  2.649E-21  1.000E-30  1.000E-30
  1.940E+05  1.0000E+03   188.50 0.09644  7.958E-13  2.695E-02  9.461E-01  5.566E-13  2.600E-04  4.600E-04  1.326E-14  2.654E-21  1.000E-30  1.000E-30
  1.950E+05  1.0000E+03   188.72 0.09644  8.006E-13  2.695E-02  9.461E-01  5.572E-13  2.600E-04  4.600E-04  1.328E-14  2.650E-21  1.000E-30  1.000E-30
  1.960E+05  1.0000E+03   187.46 0.09644  8.022E-13  2.696E-02  9.461E-01  5.574E-13  2.600E-04  4.600E-04  1.329E-14  2.650E-21  1.000E-30  1.000E-30
  1.970E+05  1.0000E+03   188.75 0.09644  7.928E-13  2.695E-02  9.461E-01  5.562E-13  2.600E-04  4.600E-04  1.324E-14  2.658E-21  1.000E-30  1.000E-30
  1.980E+05  1.0000E+03   189.49 0.09644  8.025E-13  2.696E-02  9.461E-01  5.575E-13  2.600E-04  4.600E-04  1.329E-14  2.650E-21  1.000E-30  1.000E-30
  1.990E+05  1.0000E+03   188.27 0.09644  8.080E-13  2.697E-02  9.461E-01  5.581E-13  2.600E-04  4.600E-04  1.331E-14  2.647E-21  1.000E-30  1.000E-30
  2.000E+05  1.0000E+03   188.65 0.09644  7.988E-13  2.697E-02  9.461E-01  5.570E-13  2.600E-04  4.600E-04  1.327E-14  2.656E-21  1.000E-30  1.000E-30
  2.010E+05  1.0000E+03   188.63 0.09644  8.017E-13  2.698E-02  9.460E-01  5.574E-13  2.600E-04  4.600E-04  1.328E-14  2.653E-21  1.000E-30  1.000E-30
  2.020E+05  1.0000E+03   188.42 0.09644  8.016E-13  2.698E-02  9.460E-01  5.573E-13  2.600E-04  4.600E-04  1.328E-14  2.654E-21  1.000E-30  1.000E-30
  2.030E+05  1.0000E+03   188.79 0.09644  8.001E-13  2.698E-02  9.460E-01  5.572E-13  2.600E-04  4.600E-04  1.327E-14  2.656E-21  1.000E-30  1.000E-30
  2.040E+05  1.0000E+03   188.59 0.09644  8.029E-13  2.698E-02  9.460E-01  5.575E-13  2.600E-04  4.600E-04  1.329E-14  2.654E-21  1.000E-30  1.000E-30
  2.050E+05  1.0000E+03   188.11 0.09644  8.014E-13  2.699E-02  9.460E-01  5.573E-13  2.600E-04  4.600E-04  1.328E-14  2.656E-21  1.000E-30  1.000E-30
  2.060E+05  1.0000E+03   188.48 0.09644  7.979E-13  2.698E-02  9.460E-01  5.569E-13  2.600E-04  4.600E-04  1.326E-14  2.659E-21  1.000E-30  1.000E-30
  2.070E+05  1.0000E+03   188.56 0.09644  8.008E-13  2.698E-02  9.460E-01  5.573E-13  2.600E-04  4.600E-04  1.328E-14  2.656E-21  1.000E-30  1.000E-30
  2.080E+05  1.0000E+03   188.41 0.09644  8.013E-13  2.699E-02  9.460E-01  5.574E-13  2.600E-04  4.600E-04  1.328E-14  2.656E-21  1.000E-30  1.000E-30
  2.090E+05  1.0000E+03   187.63 0.09644  8.002E-13  2.699E-02  9.460E-01  5.573E-13  2.600E-04  4.600E-04  1.328E-14  2.657E-21  1.000E-30  1.000E-30
  2.100E+05  1.0000E+03   188.58 0.09644  7.945E-13  2.698E-02  9.460E-01  5.566E-13  2.600E-04  4.600E-04  1.325E-14  2.661E-21  1.000E-30  1.000E-30
  2.110E+05  1.0000E+03   187.92 0.09644  8.017E-13  2.698E-02  9.460E-01  5.575E-13  2.600E-04  4.600E-04  1.328E-14  2.655E-21  1.000E-30  1.000E-30
  2.120E+05  1.0000E+03   189.26 0.09644  7.967E-13  2.698E-02  9.460E-01  5.568E-13  2.600E-04  4.600E-04  1.326E-14  2.659E-21  1.000E-30  1.000E-30
  2.130E+05  1.0000E+03   188.66 0.09644  8.067E-13  2.699E-02  9.460E-01  5.581E-13  2.600E-04  4.600E-04  1.331E-14  2.651E-21  1.000E-30  1.000E-30
  2.140E+05  1.0000E+03   188.74 0.09644  8.021E-13  2.699E-02  9.460E-01  5.575E-13  2.600E-04  4.600E-04  1.328E-14  2.656E-21  1.000E-30  1.000E-30
  2.150E+05  1.0000E+03   188.22 0.09644  8.027E-13  2.699E-02  9.460E-01  5.576E-13  2.600E-04  4.600E-04  1.329E-14  2.656E-21  1.000E-30  1.000E-30
  2.160E+05  1.0000E+03   188.53 0.09644  7.989E-13  2.699E-02  9.460E-01  5.571E-13  2.600E-04  4.600E-04  1.327E-14  2.659E-21  1.000E-30  1.000E-30
  2.170E+05  1.0000E+03   188.03 0.09644  8.013E-13  2.699E-02  9.460E-01  5.574E-13  2.600E-04  4.600E-04  1.328E-14  2.657E-21  1.000E-30  1.000E-30
  2.180E+05  1.0000E+03   189.22 0.09644  7.975E-13  2.699E-02  9.460E-01  5.569E-13  2.600E-04  4.600E-04  1.326E-14  2.660E-21  1.000E-30  1.000E-30
  2.190E+05  1.0000E+03   187.23 0.09644  8.064E-13  2.699E-02  9.460E-01  5.581E-13  2.600E-04  4.600E-04  1.330E-14  2.653E-21  1.000E-30  1.000E-30
  2.200E+05  1.0000E+03   187.58 0.09644  7.915E-13  2.698E-02  9.460E-01  5.562E-13  2.600E-04  4.600E-04  1.323E-14  2.665E-21  1.000E-30  1.000E-30
  2.210E+05  1.0000E+03   187.93 0.09644  7.943E-13  2.697E-02  9.460E-01  5.566E-13  2.600E-04  4.600E-04  1.325E-14  2.661E-21  1.000E-30  1.000E-30
  2.220E+05  1.0000E+03   188.40 0.09644  7.970E-13  2.697E-02  9.461E-01  5.569E-13  2.600E-04  4.600E-04  1.327E-14  2.658E-21  1.000E-30  1.000E-30
  2.230E+05  1.0000E+03   187.41 0.09644  8.004E-13  2.697E-02  9.461E-01  5.573E-13  2.600E-04  4.600E-04  1.328E-14  2.655E-21  1.000E-30  1.000E-30
  2.240E+05  1.0000E+03   188.72 0.09644  7.930E-13  2.696E-02  9.461E-01  5.564E-13  2.600E-04  4.600E-04  1.325E-14  2.660E-21  1.000E-30  1.000E-30
  2.250E+05  1.0000E+03   188.33 0.09644  8.028E-13  2.697E-02  9.461E-01  5.576E-13  2.600E-04  4.600E-04  1.329E-14  2.652E-21  1.000E-30  1.000E-30
  2.260E+05  1.0000E+03   188.58 0.09644  7.997E-13  2.697E-02  9.461E-01  5.572E-13  2.600E-04  4.600E-04  1.328E-14  2.655E-21  1.000E-30  1.000E-30
  2.270E+05  1.0000E+03   188.88 0.09644  8.016E-13  2.697E-02  9.461E-01  5.574E-13  2.600E-04  4.600E-04  1.329E-14  2.653E-21  1.000E-30  1.000E-30
  2.280E+05  1.0000E+03   189.28 0.09644  8.037E-13  2.698E-02  9.460E-01  5.577E-13  2.600E-04  4.600E-04  1.329E-14  2.652E-21  1.000E-30  1.000E-30
  2.290E+05  1.0000E+03   187.17 0.09644  8.066E-13  2.699E-02  9.460E-01  5.580E-13  2.600E-04  4.600E-04  1.331E-14  2.651E-21  1.000E-30  1.000E-30
  2.300E+05  1.0000E+03   188.21 0.09644  7.909E-13  2.698E-02  9.460E-01  5.561E-13  2.600E-04  4.600E-04  1.323E-14  2.664E-21  1.000E-30  1.000E-30
  2.310E+05  1.0000E+03   188.72 0.09644  7.988E-13  2.698E-02  9.460E-01  5.571E-13  2.600E-04  4.600E-04  1.327E-14  2.657E-21  1.000E-30  1.000E-30
  2.320E+05  1.0000E+03   188.55 0.09644  8.026E-13  2.698E-02  9.460E-01  5.576E-13  2.600E-04  4.600E-04  1.329E-14  2.654E-21  1.000E-30  1.000E-30
  2.330E+05  1.0000E+03   188.27 0.09644  8.013E-13  2.698E-02  9.460E-01  5.574E-13  2.600E-04  4.600E-04  1.328E-14  2.655E-21  1.000E-30  1.000E-30
  2.340E+05  1.0000E+03   188.84 0.09644  7.992E-13  2.698E-02  9.460E-01  5.571E-13  2.600E-04  4.600E-04  1.327E-14  2.657E-21  1.000E-30  1.000E-30
  2.350E+05  1.0000E+03   189.36 0.09644  8.035E-13  2.699E-02  9.460E-01  5.577E-13  2.600E-04  4.600E-04  1.329E-14  2.654E-21  1.000E-30  1.000E-30
  2.360E+05  1.0000E+03   189.34 0.09644  8.073E-13  2.699E-02  9.460E-01  5.581E-13  2.600E-04  4.600E-04  1.331E-14  2.652E-21  1.000E-30  1.000E-30
  2.370E+05  1.0000E+03   188.47 0.09644  8.071E-13  2.700E-02  9.460E-01  5.581E-13  2.600E-04  4.600E-04  1.330E-14  2.654E-21  1.000E-30  1.000E-30
  2.380E+05  1.0000E+03   187.90 0.09644  8.006E-13  2.700E-02  9.460E-01  5.573E-13  2.600E-04  4.600E-04  1.327E-14  2.660E-21  1.000E-30  1.000E-30
  2.390E+05  1.0000E+03   187.69 0.09644  7.965E-13  2.700E-02  9.460E-01  5.568E-13  2.600E-04  4.600E-04  1.326E-14  2.663E-21  1.000E-30  1.000E-30
  2.400E+05  1.0000E+03   188.49 0.09644  7.951E-13  2.699E-02  9.460E-01  5.566E-13  2.600E-04  4.600E-04  1.325E-14  2.663E-21  1.000E-30  1.000E-30
  2.410E+05  1.0000E+03   189.14 0.09644  8.011E-13  2.699E-02  9.460E-01  5.574E-13  2.600E-04  4.600E-04  1.328E-14  2.657E-21  1.000E-30  1.000E-30
  2.420E+05  1.0000E+03   188.30 0.09644  8.059E-13  2.700E-02  9.460E-01  5.580E-13  2.600E-04  4.600E-04  1.330E-14  2.654E-21  1.000E-30  1.000E-30
  2.430E+05  1.0000E+03   188.24 0.09644  7.996E-13  2.699E-02  9.460E-01  5.572E-13  2.600E-04  4.600E-04  1.327E-14  2.659E-21  1.000E-30  1.000E-30
  2.440E+05  1.0000E+03   188.15 0.09644  7.992E-13  2.699E-02  9.460E-01  5.572E-13  2.600E-04  4.600E-04  1.327E-14  2.659E-21  1.000E-30  1.000E-30
  2.450E+05  1.0000E+03   188.93 0.09644  7.985E-13  2.699E-02  9.460E-01  5.571E-13  2.600E-04  4.600E-04  1.327E-14  2.659E-21  1.000E-30  1.000E-30
  2.460E+05  1.0000E+03   188.00 0.09644  8.043E-13  2.699E-02  9.460E-01  5.578E-13  2.600E-04  4.600E-04  1.330E-14  2.655E-21  1.000E-30  1.000E-30
  2.470E+05  1.0000E+03   187.62 0.09644  7.974E-13  2.699E-02  9.460E-01  5.569E-13  2.600E-04  4.600E-04  1.326E-14  2.661E-21  1.000E-30  1.000E-30
  2.480E+05  1.0000E+03   187.70 0.09644  7.946E-13  2.698E-02  9.460E-01  5.566E-13  2.600E-04  4.600E-04  1.325E-14  2.662E-21  1.000E-30  1.000E-30
  2.490E+05  1.0000E+03   188.46 0.09644  7.952E-13  2.697E-02  9.460E-01  5.567E-13  2.600E-04  4.600E-04  1.326E-14  2.660E-21  1.000E-30  1.000E-30
  2.500E+05  1.0000E+03   187.64 0.09644  8.010E-13  2.698E-02  9.460E-01  5.574E-13  2.600E-04  4.600E-04  1.328E-14  2.655E-21  1.000E-30  1.000E-30
  2.510E+05  1.0000E+03   188.02 0.09644  7.948E-13  2.697E-02  9.461E-01  5.566E-13  2.600E-04  4.600E-04  1.325E-14  2.660E-21  1.000E-30  1.000E-30
  2.520E+05  1.0000E+03   188.12 0.09644  7.976E-13  2.697E-02  9.461E-01  5.570E-13  2.600E-04  4.600E-04  1.327E-14  2.656E-21  1.000E-30  1.000E-30
  2.530E+05  1.0000E+03   188.37 0.09644  7.983E-13  2.697E-02  9.461E-01  5.571E-13  2.600E-04  4.600E-04  1.327E-14  2.655E-21  1.000E-30  1.000E-30
  2.540E+05  1.0000E+03   187.70 0.09644  8.001E-13  2.697E-02  9.461E-01  5.573E-13  2.600E-04  4.600E-04  1.328E-14  2.654E-21  1.000E-30  1.000E-30
  2.550E+05  1.0000E+03   188.91 0.09644  7.951E-13  2.696E-02  9.461E-01  5.566E-13  2.600E-04  4.600E-04  1.326E-14  2.658E-21  1.000E-30  1.000E-30
  2.560E+05  1.0000E+03   188.89 0.09644  8.041E-13  2.697E-02  9.461E-01  5.578E-13  2.600E-04  4.600E-04  1.330E-14  2.650E-21  1.000E-30  1.000E-30
  2.570E+05  1.0000E+03   188.80 0.09644  8.038E-13  2.698E-02  9.460E-01  5.577E-13  2.600E-04  4.600E-04  1.329E-14  2.652E-21  1.000E-30  1.000E-30
  2.580E+05  1.0000E+03   187.86 0.09644  8.031E-13  2.698E-02  9.460E-01  5.576E-13  2.600E-04  4.600E-04  1.329E-14  2.653E-21  1.000E-30  1.000E-30
  2.590E+05  1.0000E+03   189.39 0.09644  7.961E-13  2.698E-02  9.460E-01  5.567E-13  2.600E-04  4.600E-04  1.326E-14  2.659E-21  1.000E-30  1.000E-30
  2.600E+05  1.0000E+03   189.03 0.09644  8.075E-13  2.699E-02  9.460E-01  5.581E-13  2.600E-04  4.600E-04  1.331E-14  2.650E-21  1.000E-30  1.000E-30
  2.610E+05  1.0000E+03   188.71 0.09644  8.047E-13  2.699E-02  9.460E-01  5.578E-13  2.600E-04  4.600E-04  1.329E-14  2.654E-21  1.000E-30  1.000E-30
  2.620E+05  1.0000E+03   188.87 0.09644  8.023E-13  2.700E-02  9.460E-01  5.575E-13  2.600E-04  4.600E-04  1.328E-14  2.657E-21  1.000E-30  1.000E-30
  2.630E+05  1.0000E+03   187.60 0.09644  8.036E-13  2.700E-02  9.460E-01  5.576E-13  2.600E-04  4.600E-04  1.329E-14  2.656E-21  1.000E-30  1.000E-30
  2.640E+05  1.0000E+03   188.63 0.09644  7.942E-13  2.699E-02  9.460E-01  5.565E-13  2.600E-04  4.600E-04  1.325E-14  2.664E-21  1.000E-30  1.000E-30
  2.650E+05  1.0000E+03   187.49 0.09644  8.020E-13  2.699E-02  9.460E-01  5.575E-13  2.600E-04  4.600E-04  1.328E-14  2.657E-21  1.000E-30  1.000E-30
  2.660E+05  1.0000E+03   188.73 0.09644  7.935E-13  2.698E-02  9.460E-01  5.564E-13  2.600E-04  4.600E-04  1.324E-14  2.663E-21  1.000E-30  1.000E-30
  2.670E+05  1.0000E+03   188.95 0.09644  8.028E-13  2.699E-02  9.460E-01  5.576E-13  2.600E-04  4.600E-04  1.329E-14  2.655E-21  1.000E-30  1.000E-30
  2.680E+05  1.0000E+03   188.59 0.09644  8.044E-13  2.699E-02  9.460E-01  5.578E-13  2.600E-04  4.600E-04  1.330E-14  2.654E-21  1.000E-30  1.000E-30
  2.690E+05  1.0000E+03   188.45 0.09644  8.017E-13  2.699E-02  9.460E-01  5.575E-13  2.600E-04  4.600E-04  1.328E-14  2.657E-21  1.000E-30  1.000E-30
  2.700E+05  1.0000E+03   187.77 0.09644  8.006E-13  2.699E-02  9.460E-01  5.573E-13  2.600E-04  4.600E-04  1.328E-14  2.658E-21  1.000E-30  1.000E-30
  2.710E+05  1.0000E+03   188.88 0.09644  7.956E-13  2.699E-02  9.460E-01  5.567E-13  2.600E-04  4.600E-04  1.325E-14  2.662E-21  1.000E-30  1.000E-30
  2.720E+05  1.0000E+03   188.06 0.09644  8.040E-13  2.699E-02  9.460E-01  5.578E-13  2.600E-04  4.600E-04  1.329E-14  2.654E-21  1.000E-30  1.000E-30
  2.730E+05  1.0000E+03   187.65 0.09644  7.978E-13  2.699E-02  9.460E-01  5.570E-13  2.600E-04  4.600E-04  1.326E-14  2.660E-21  1.000E-30  1.000E-30
  2.740E+05  1.0000E+03   188.05 0.09644  7.948E-13  2.698E-02  9.460E-01  5.566E-13  2.600E-04  4.600E-04  1.325E-14  2.661E-21  1.000E-30  1.000E-30
  2.750E+05  1.0000E+03   187.80 0.09644  7.978E-13  2.698E-02  9.460E-01  5.570E-13  2.600E-04  4.600E-04  1.327E-14  2.658E-21  1.000E-30  1.000E-30
  2.760E+05  1.0000E+03   188.45 0.09644  7.960E-13  2.697E-02  9.461E-01  5.568E-13  2.600E-04  4.600E-04  1.326E-14  2.659E-21  1.000E-30  1.000E-30
  2.770E+05  1.0000E+03   187.97 0.09644  8.008E-13  2.697E-02  9.461E-01  5.574E-13  2.600E-04  4.600E-04  1.328E-14  2.654E-21  1.000E-30  1.000E-30
  2.780E+05  1.0000E+03   188.32 0.09644  7.971E-13  2.697E-02  9.461E-01  5.569E-13  2.600E-04  4.600E-04  1.327E-14  2.657E-21  1.000E-30  1.000E-30
  2.790E+05  1.0000E+03   188.10 0.09644  7.997E-13  2.697E-02  9.461E-01  5.572E-13  2.600E-04  4.600E-04  1.328E-14  2.655E-21  1.000E-30  1.000E-30
  2.800E+05  1.0000E+03   188.67 0.09644  7.981E-13  2.697E-02  9.461E-01  5.570E-13  2.600E-04  4.600E-04  1.327E-14  2.656E-21  1.000E-30  1.000E-30
  2.810E+05  1.0000E+03   187.25 0.09644  8.023E-13  2.697E-02  9.461E-01  5.575E-13  2.600E-04  4.600E-04  1.329E-14  2.653E-21  1.000E-30  1.000E-30
  2.820E+05  1.0000E+03   186.98 0.09644  7.916E-13  2.696E-02  9.461E-01  5.562E-13  2.600E-04  4.600E-04  1.324E-14  2.661E-21  1.000E-30  1.000E-30
  2.830E+05  1.0000E+03   187.44 0.09644  7.897E-13  2.695E-02  9.461E-01  5.560E-13  2.600E-04  4.600E-04  1.323E-14  2.661E-21  1.000E-30  1.000E-30
  2.840E+05  1.0000E+03   187.78 0.09644  7.932E-13  2.695E-02  9.461E-01  5.564E-13  2.600E-04  4.600E-04  1.325E-14  2.657E-21  1.000E-30  1.000E-30
  2.850E+05  1.0000E+03   187.87 0.09644  7.957E-13  2.694E-02  9.461E-01  5.568E-13  2.600E-04  4.600E-04  1.326E-14  2.654E-21  1.000E-30  1.000E-30
  2.860E+05  1.0000E+03   188.87 0.09644  7.963E-13  2.694E-02  9.461E-01  5.568E-13  2.600E-04  4.600E-04  1.327E-14  2.653E-21  1.000E-30  1.000E-30
  2.870E+05  1.0000E+03   187.26 0.09644  8.036E-13  2.695E-02  9.461E-01  5.577E-13  2.600E-04  4.600E-04  1.330E-14  2.647E-21  1.000E-30  1.000E-30
  2.880E+05  1.0000E+03   188.96 0.09644  7.915E-13  2.694E-02  9.461E-01  5.561E-13  2.600E-04  4.600E-04  1.324E-14  2.658E-21  1.000E-30  1.000E-30
  2.890E+05  1.0000E+03   188.48 0.09644  8.042E-13  2.695E-02  9.461E-01  5.577E-13  2.600E-04  4.600E-04  1.330E-14  2.647E-21  1.000E-30  1.000E-30
  2.900E+05  1.0000E+03   188.03 0.09644  8.005E-13  2.696E-02  9.461E-01  5.572E-13  2.600E-04  4.600E-04  1.328E-14  2.651E-21  1.000E-30  1.000E-30
  2.910E+05  1.0000E+03   188.14 0.09644  7.971E-13  2.696E-02  9.461E-01  5.568E-13  2.600E-04  4.600E-04  1.327E-14  2.654E-21  1.000E-30  1.000E-30
  2.920E+05  1.0000E+03   188.58 0.09644  7.980E-13  2.696E-02  9.461E-01  5.569E-13  2.600E-04  4.600E-04  1.327E-14  2.654E-21  1.000E-30  1.000E-30
  2.930E+05  1.0000E+03   187.88 0.09644  8.013E-13  2.696E-02  9.461E-01  5.573E-13  2.600E-04  4.600E-04  1.328E-14  2.651E-21  1.000E-30  1.000E-30
  2.940E+05  1.0000E+03   188.81 0.09644  7.960E-13  2.696E-02  9.461E-01  5.567E-13  2.600E-04  4.600E-04  1.326E-14  2.656E-21  1.000E-30  1.000E-30
  2.950E+05  1.0000E+03   188.39 0.09644  8.030E-13  2.697E-02  9.461E-01  5.576E-13  2.600E-04  4.600E-04  1.329E-14  2.650E-21  1.000E-30  1.000E-30
  2.960E+05  1.0000E+03   189.49 0.09644  7.999E-13  2.697E-02  9.461E-01  5.571E-13  2.600E-04  4.600E-04  1.328E-14  2.654E-21  1.000E-30  1.000E-30
  2.970E+05  1.0000E+03   188.43 0.09644  8.080E-13  2.698E-02  9.460E-01  5.581E-13  2.600E-04  4.600E-04  1.331E-14  2.648E-21  1.000E-30  1.000E-30
  2.980E+05  1.0000E+03   188.11 0.09644  8.001E-13  2.698E-02  9.460E-01  5.571E-13  2.600E-04  4.600E-04  1.327E-14  2.656E-21  1.000E-30  1.000E-30
  2.990E+05  1.0000E+03   188.74 0.09644  7.978E-13  2.698E-02  9.460E-01  5.569E-13  2.600E-04  4.600E-04  1.326E-14  2.658E-21  1.000E-30  1.000E-30
  3.000E+05  1.0000E+03   188.64 0.09644  8.026E-13  2.698E-02  9.460E-01  5.575E-13  2.600E-04  4.600E-04  1.329E-14  2.654E-21  1.000E-30  1.000E-30
  3.010E+05  1.0000E+03   188.11 0.09644  8.018E-13  2.699E-02  9.460E-01  5.574E-13  2.600E-04  4.600E-04  1.328E-14  2.655E-21  1.000E-30  1.000E-30
  3.020E+05  1.0000E+03   188.40 0.09644  7.979E-13  2.698E-02  9.460E-01  5.569E-13  2.600E-04  4.600E-04  1.326E-14  2.659E-21  1.000E-30  1.000E-30
  3.030E+05  1.0000E+03   187.94 0.09644  8.001E-13  2.698E-02  9.460E-01  5.572E-13  2.600E-04  4.600E-04  1.328E-14  2.657E-21  1.000E-30  1.000E-30
  3.040E+05  1.0000E+03   188.52 0.09644  7.967E-13  2.698E-02  9.460E-01  5.568E-13  2.600E-04  4.600E-04  1.326E-14  2.659E-21  1.000E-30  1.000E-30
  3.050E+05  1.0000E+03   188.04 0.09644  8.011E-13  2.698E-02  9.460E-01  5.574E-13  2.600E-04  4.600E-04  1.328E-14  2.655E-21  1.000E-30  1.000E-30
  3.060E+05  1.0000E+03   188.28 0.09644  7.976E-13  2.698E-02  9.460E-01  5.569E-13  2.600E-04  4.600E-04  1.326E-14  2.658E-21  1.000E-30  1.000E-30
  3.070E+05  1.0000E+03   188.46 0.09644  7.994E-13  2.698E-02  9.460E-01  5.572E-13  2.600E-04  4.600E-04  1.327E-14  2.656E-21  1.000E-30  1.000E-30
  3.080E+05  1.0000E+03   187.34 0.09644  8.007E-13  2.698E-02  9.460E-01  5.573E-13  2.600E-04  4.600E-04  1.328E-14  2.655E-21  1.000E-30  1.000E-30
  3.090E+05  1.0000E+03   186.84 0.09644  7.923E-13  2.697E-02  9.461E-01  5.563E-13  2.600E-04  4.600E-04  1.324E-14  2.662E-21  1.000E-30  1.000E-30
  3.100E+05  1.0000E+03   187.68 0.09644  7.887E-13  2.696E-02  9.461E-01  5.559E-13  2.600E-04  4.600E-04  1.323E-14  2.663E-21  1.000E-30  1.000E-30
  3.110E+05  1.0000E+03   188.03 0.09644  7.951E-13  2.695E-02  9.461E-01  5.567E-13  2.600E-04  4.600E-04  1.326E-14  2.656E-21  1.000E-30  1.000E-30
  3.120E+05  1.0000E+03   188.24 0.09644  7.976E-13  2.695E-02  9.461E-01  5.570E-13  2.600E-04  4.600E-04  1.327E-14  2.653E-21  1.000E-30  1.000E-30
  3.130E+05  1.0000E+03   187.81 0.09644  7.991E-13  2.695E-02  9.461E-01  5.572E-13  2.600E-04  4.600E-04  1.328E-14  2.652E-21  1.000E-30  1.000E-30
  3.140E+05  1.0000E+03   187.84 0.09644  7.958E-13  2.695E-02  9.461E-01  5.567E-13  2.600E-04  4.600E-04  1.326E-14  2.655E-21  1.000E-30  1.000E-30
  3.150E+05  1.0000E+03   188.53 0.09644  7.960E-13  2.695E-02  9.461E-01  5.567E-13  2.600E-04  4.600E-04  1.326E-14  2.654E-21  1.000E-30  1.000E-30
  3.160E+05  1.0000E+03   188.94 0.09644  8.011E-13  2.695E-02  9.461E-01  5.574E-13  2.600E-04  4.600E-04  1.329E-14  2.650E-21  1.000E-30  1.000E-30
  3.170E+05  1.0000E+03   189.06 0.09644  8.041E-13  2.696E-02  9.461E-01  5.577E-13  2.600E-04  4.600E-04  1.330E-14  2.649E-21  1.000E-30  1.000E-30
  3.180E+05  1.0000E+03   188.92 0.09644  8.048E-13  2.697E-02  9.461E-01  5.578E-13  2.600E-04  4.600E-04  1.330E-14  2.649E-21  1.000E-30  1.000E-30
  3.190E+05  1.0000E+03   189.28 0.09644  8.038E-13  2.698E-02  9.460E-01  5.576E-13  2.600E-04  4.600E-04  1.329E-14  2.652E-21  1.000E-30  1.000E-30
  3.200E+05  1.0000E+03   188.38 0.09644  8.064E-13  2.699E-02  9.460E-01  5.579E-13  2.600E-04  4.600E-04  1.330E-14  2.651E-21  1.000E-30  1.000E-30
  3.210E+05  1.0000E+03   188.60 0.09644  7.997E-13  2.699E-02  9.460E-01  5.571E-13  2.600E-04  4.600E-04  1.327E-14  2.657E-21  1.000E-30  1.000E-30
  3.220E+05  1.0000E+03   189.60 0.09644  8.014E-13  2.699E-02  9.460E-01  5.573E-13  2.600E-04  4.600E-04  1.328E-14  2.656E-21  1.000E-30  1.000E-30
  3.230E+05  1.0000E+03   188.48 0.09644  8.089E-13  2.700E-02  9.460E-01  5.583E-13  2.600E-04  4.600E-04  1.331E-14  2.651E-21  1.000E-30  1.000E-30
  3.240E+05  1.0000E+03   188.17 0.09644  8.006E-13  2.700E-02  9.460E-01  5.572E-13  2.600E-04  4.600E-04  1.327E-14  2.659E-21  1.000E-30  1.000E-30
  3.250E+05  1.0000E+03   187.42 0.09644  7.984E-13  2.700E-02  9.460E-01  5.570E-13  2.600E-04  4.600E-04  1.326E-14  2.661E-21  1.000E-30  1.000E-30
  3.260E+05  1.0000E+03   188.13 0.09644  7.929E-13  2.699E-02  9.460E-01  5.564E-13  2.600E-04  4.600E-04  1.324E-14  2.664E-21  1.000E-30  1.000E-30
  3.270E+05  1.0000E+03   188.67 0.09644  7.984E-13  2.698E-02  9.460E-01  5.571E-13  2.600E-04  4.600E-04  1.327E-14  2.658E-21  1.000E-30  1.000E-30
  3.280E+05  1.0000E+03   188.28 0.09644  8.024E-13  2.699E-02  9.460E-01  5.576E-13  2.600E-04  4.600E-04  1.329E-14  2.655E-21  1.000E-30  1.000E-30
  3.290E+05  1.0000E+03   188.47 0.09644  7.995E-13  2.698E-02  9.460E-01  5.572E-13  2.600E-04  4.600E-04  1.327E-14  2.658E-21  1.000E-30  1.000E-30
  3.300E+05  1.0000E+03   187.47 0.09644  8.008E-13  2.699E-02  9.460E-01  5.574E-13  2.600E-04  4.600E-04  1.328E-14  2.657E-21  1.000E-30  1.000E-30
  3.310E+05  1.0000E+03   188.75 0.09644  7.934E-13  2.698E-02  9.460E-01  5.564E-13  2.600E-04  4.600E-04  1.325E-14  2.662E-21  1.000E-30  1.000E-30
  3.320E+05  1.0000E+03   187.83 0.09644  8.030E-13  2.698E-02  9.460E-01  5.577E-13  2.600E-04  4.600E-04  1.329E-14  2.653E-21  1.000E-30  1.000E-30
  3.330E+05  1.0000E+03   188.56 0.09644  7.961E-13  2.698E-02  9.460E-01  5.568E-13  2.600E-04  4.600E-04  1.326E-14  2.659E-21  1.000E-30  1.000E-30
  3.340E+05  1.0000E+03   188.16 0.09644  8.015E-13  2.698E-02  9.460E-01  5.575E-13  2.600E-04  4.600E-04  1.328E-14  2.654E-21  1.000E-30  1.000E-30
  3.350E+05  1.0000E+03   188.03 0.09644  7.985E-13  2.698E-02  9.460E-01  5.571E-13  2.600E-04  4.600E-04  1.327E-14  2.657E-21  1.000E-30  1.000E-30
  3.360E+05  1.0000E+03   188.93 0.09644  7.975E-13  2.697E-02  9.461E-01  5.570E-13  2.600E-04  4.600E-04  1.327E-14  2.657E-21  1.000E-30  1.000E-30
  3.370E+05  1.0000E+03   187.81 0.09644  8.042E-13  2.698E-02  9.460E-01  5.578E-13  2.600E-04  4.600E-04  1.330E-14  2.652E-21  1.000E-30  1.000E-30
  3.380E+05  1.0000E+03   188.57 0.09644  7.958E-13  2.697E-02  9.460E-01  5.567E-13  2.600E-04  4.600E-04  1.326E-14  2.659E-21  1.000E-30  1.000E-30
  3.390E+05  1.0000E+03   188.13 0.09644  8.015E-13  2.698E-02  9.460E-01  5.574E-13  2.600E-04  4.600E-04  1.328E-14  2.654E-21  1.000E-30  1.000E-30
  3.400E+05  1.0000E+03   188.12 0.09644  7.982E-13  2.698E-02  9.460E-01  5.570E-13  2.600E-04  4.600E-04  1.327E-14  2.657E-21  1.000E-30  1.000E-30
  3.410E+05  1.0000E+03   188.14 0.09644  7.981E-13  2.697E-02  9.460E-01  5.570E-13  2.600E-04  4.600E-04  1.327E-14  2.657E-21  1.000E-30  1.000E-30
  3.420E+05  1.0000E+03   187.97 0.09644  7.983E-13  2.697E-02  9.461E-01  5.570E-13  2.600E-04  4.600E-04  1.327E-14  2.657E-21  1.000E-30  1.000E-30
  3.430E+05  1.0000E+03   188.30 0.09644  7.971E-13  2.697E-02  9.461E-01  5.569E-13  2.600E-04  4.600E-04  1.326E-14  2.657E-21  1.000E-30  1.000E-30
  3.440E+05  1.0000E+03   188.08 0.09644  7.995E-13  2.697E-02  9.461E-01  5.572E-13  2.600E-04  4.600E-04  1.328E-14  2.655E-21  1.000E-30  1.000E-30
  3.450E+05  1.0000E+03   188.16 0.09644  7.978E-13  2.697E-02  9.461E-01  5.570E-13  2.600E-04  4.600E-04  1.327E-14  2.656E-21  1.000E-30  1.000E-30
  3.460E+05  1.0000E+03   189.13 0.09644  7.984E-13  2.697E-02  9.461E-01  5.570E-13  2.600E-04  4.600E-04  1.327E-14  2.655E-21  1.000E-30  1.000E-30
  3.470E+05  1.0000E+03   188.91 0.09644  8.056E-13  2.698E-02  9.460E-01  5.579E-13  2.600E-04  4.600E-04  1.330E-14  2.650E-21  1.000E-30  1.000E-30
  3.480E+05  1.0000E+03   189.45 0.09644  8.039E-13  2.698E-02  9.460E-01  5.577E-13  2.600E-04  4.600E-04  1.329E-14  2.653E-21  1.000E-30  1.000E-30
  3.490E+05  1.0000E+03   188.28 0.09644  8.079E-13  2.699E-02  9.460E-01  5.582E-13  2.600E-04  4.600E-04  1.331E-14  2.651E-21  1.000E-30  1.000E-30
  3.500E+05  1.0000E+03   187.76 0.09644  7.991E-13  2.699E-02  9.460E-01  5.571E-13  2.600E-04  4.600E-04  1.327E-14  2.659E-21  1.000E-30  1.000E-30
  3.510E+05  1.0000E+03   187.36 0.09644  7.953E-13  2.698E-02  9.460E-01  5.566E-13  2.600E-04  4.600E-04  1.325E-14  2.662E-21  1.000E-30  1.000E-30
  3.520E+05  1.0000E+03   187.34 0.09644  7.925E-13  2.697E-02  9.461E-01  5.563E-13  2.600E-04  4.600E-04  1.324E-14  2.663E-21  1.000E-30  1.000E-30
  3.530E+05  1.0000E+03   188.22 0.09644  7.925E-13  2.696E-02  9.461E-01  5.564E-13  2.600E-04  4.600E-04  1.324E-14  2.661E-21  1.000E-30  1.000E-30
  3.540E+05  1.0000E+03   188.64 0.09644  7.991E-13  2.697E-02  9.461E-01  5.572E-13  2.600E-04  4.600E-04  1.328E-14  2.654E-21  1.000E-30  1.000E-30
  3.550E+05  1.0000E+03   188.73 0.09644  8.021E-13  2.697E-02  9.461E-01  5.575E-13  2.600E-04  4.600E-04  1.329E-14  2.652E-21  1.000E-30  1.000E-30
  3.560E+05  1.0000E+03   189.53 0.09644  8.027E-13  2.697E-02  9.460E-01  5.576E-13  2.600E-04  4.600E-04  1.329E-14  2.652E-21  1.000E-30  1.000E-30
  3.570E+05  1.0000E+03   188.45 0.09644  8.085E-13  2.699E-02  9.460E-01  5.583E-13  2.600E-04  4.600E-04  1.332E-14  2.649E-21  1.000E-30  1.000E-30
  3.580E+05  1.0000E+03   188.33 0.09644  8.004E-13  2.699E-02  9.460E-01  5.572E-13  2.600E-04  4.600E-04  1.328E-14  2.657E-21  1.000E-30  1.000E-30
  3.590E+05  1.0000E+03   188.91 0.09644  7.996E-13  2.699E-02  9.460E-01  5.572E-13  2.600E-04  4.600E-04  1.327E-14  2.658E-21  1.000E-30  1.000E-30
  3.600E+05  1.0000E+03   187.52 0.09644  8.039E-13  2.699E-02  9.460E-01  5.577E-13  2.600E-04  4.600E-04  1.329E-14  2.654E-21  1.000E-30  1.000E-30
  3.610E+05  1.0000E+03   188.40 0.09644  7.936E-13  2.698E-02  9.460E-01  5.564E-13  2.600E-04  4.600E-04  1.324E-14  2.663E-21  1.000E-30  1.000E-30
  3.620E+05  1.0000E+03   188.31 0.09644  8.003E-13  2.698E-02  9.460E-01  5.573E-13  2.600E-04  4.600E-04  1.328E-14  2.656E-21  1.000E-30  1.000E-30
  3.630E+05  1.0000E+03   187.68 0.09644  7.996E-13  2.698E-02  9.460E-01  5.572E-13  2.600E-04  4.600E-04  1.327E-14  2.657E-21  1.000E-30  1.000E-30
  3.640E+05  1.0000E+03   187.78 0.09644  7.949E-13  2.697E-02  9.460E-01  5.566E-13  2.600E-04  4.600E-04  1.325E-14  2.660E-21  1.000E-30  1.000E-30
  3.650E+05  1.0000E+03   187.81 0.09644  7.958E-13  2.697E-02  9.461E-01  5.567E-13  2.600E-04  4.600E-04  1.326E-14  2.659E-21  1.000E-30  1.000E-30
  3.660E+05  1.0000E+03   187.24 0.09644  7.960E-13  2.697E-02  9.461E-01  5.568E-13  2.600E-04  4.600E-04  1.326E-14  2.658E-21  1.000E-30  1.000E-30
  3.670E+05  1.0000E+03   187.72 0.09644  7.918E-13  2.696E-02  9.461E-01  5.563E-13  2.600E-04  4.600E-04  1.324E-14  2.660E-21  1.000E-30  1.000E-30
  3.680E+05  1.0000E+03   187.71 0.09644  7.953E-13  2.695E-02  9.461E-01  5.567E-13  2.600E-04  4.600E-04  1.326E-14  2.656E-21  1.000E-30  1.000E-30
  3.690E+05  1.0000E+03   188.78 0.09644  7.952E-13  2.695E-02  9.461E-01  5.567E-13  2.600E-04  4.600E-04  1.326E-14  2.655E-21  1.000E-30  1.000E-30
  3.700E+05  1.0000E+03   188.25 0.09644  8.031E-13  2.696E-02  9.461E-01  5.576E-13  2.600E-04  4.600E-04  1.330E-14  2.649E-21  1.000E-30  1.000E-30
  3.710E+05  1.0000E+03   188.63 0.09644  7.990E-13  2.696E-02  9.461E-01  5.571E-13  2.600E-04  4.600E-04  1.328E-14  2.653E-21  1.000E-30  1.000E-30
  3.720E+05  1.0000E+03   187.51 0.09644  8.018E-13  2.696E-02  9.461E-01  5.574E-13  2.600E-04  4.600E-04  1.329E-14  2.651E-21  1.000E-30  1.000E-30
  3.730E+05  1.0000E+03   188.11 0.09644  7.934E-13  2.696E-02  9.461E-01  5.564E-13  2.600E-04  4.600E-04  1.325E-14  2.658E-21  1.000E-30  1.000E-30
  3.740E+05  1.0000E+03   188.16 0.09644  7.979E-13  2.696E-02  9.461E-01  5.570E-13  2.600E-04  4.600E-04  1.327E-14  2.654E-21  1.000E-30  1.000E-30
  3.750E+05  1.0000E+03   188.13 0.09644  7.982E-13  2.696E-02  9.461E-01  5.570E-13  2.600E-04  4.600E-04  1.327E-14  2.653E-21  1.000E-30  1.000E-30
  3.760E+05  1.0000E+03   188.11 0.09644  7.981E-13  2.696E-02  9.461E-01  5.570E-13  2.600E-04  4.600E-04  1.327E-14  2.654E-21  1.000E-30  1.000E-30
  3.770E+05  1.0000E+03   187.91 0.09644  7.978E-13  2.696E-02  9.461E-01  5.569E-13  2.600E-04  4.600E-04  1.327E-14  2.654E-21  1.000E-30  1.000E-30
  3.780E+05  1.0000E+03   187.78 0.09644  7.964E-13  2.695E-02  9.461E-01  5.568E-13  2.600E-04  4.600E-04  1.326E-14  2.655E-21  1.000E-30  1.000E-30
  3.790E+05  1.0000E+03   187.49 0.09644  7.954E-13  2.695E-02  9.461E-01  5.566E-13  2.600E-04  4.600E-04  1.326E-14  2.655E-21  1.000E-30  1.000E-30
  3.800E+05  1.0000E+03   187.16 0.09644  7.933E-13  2.695E-02  9.461E-01  5.564E-13  2.600E-04  4.600E-04  1.325E-14  2.656E-21  1.000E-30  1.000E-30
  3.810E+05  1.0000E+03   188.50 0.09644  7.909E-13  2.694E-02  9.461E-01  5.561E-13  2.600E-04  4.600E-04  1.324E-14  2.657E-21  1.000E-30  1.000E-30
  3.820E+05  1.0000E+03   188.87 0.09644  8.008E-13  2.694E-02  9.461E-01  5.573E-13  2.600E-04  4.600E-04  1.329E-14  2.648E-21  1.000E-30  1.000E-30
  3.830E+05  1.0000E+03   187.33 0.09644  8.035E-13  2.695E-02  9.461E-01  5.576E-13  2.600E-04  4.600E-04  1.330E-14  2.647E-21  1.000E-30  1.000E-30
  3.840E+05  1.0000E+03   188.51 0.09644  7.919E-13  2.695E-02  9.461E-01  5.562E-13  2.600E-04  4.600E-04  1.324E-14  2.657E-21  1.000E-30  1.000E-30
  3.850E+05  1.0000E+03   187.77 0.09644  8.008E-13  2.695E-02  9.461E-01  5.573E-13  2.600E-04  4.600E-04  1.328E-14  2.649E-21  1.000E-30  1.000E-30
  3.860E+05  1.0000E+03   188.59 0.09644  7.952E-13  2.695E-02  9.461E-01  5.566E-13  2.600E-04  4.600E-04  1.326E-14  2.654E-21  1.000E-30  1.000E-30
  3.870E+05  1.0000E+03   187.62 0.09644  8.013E-13  2.695E-02  9.461E-01  5.573E-13  2.600E-04  4.600E-04  1.329E-14  2.649E-21  1.000E-30  1.000E-30
  3.880E+05  1.0000E+03   188.50 0.09644  7.941E-13  2.695E-02  9.461E-01  5.564E-13  2.600E-04  4.600E-04  1.325E-14  2.656E-21  1.000E-30  1.000E-30
  3.890E+05  1.0000E+03   188.28 0.09644  8.006E-13  2.695E-02  9.461E-01  5.573E-13  2.600E-04  4.600E-04  1.328E-14  2.650E-21  1.000E-30  1.000E-30
  3.900E+05  1.0000E+03   187.33 0.09644  7.990E-13  2.696E-02  9.461E-01  5.570E-13  2.600E-04  4.600E-04  1.327E-14  2.652E-21  1.000E-30  1.000E-30
  3.910E+05  1.0000E+03   186.90 0.09644  7.919E-13  2.695E-02  9.461E-01  5.562E-13  2.600E-04  4.600E-04  1.324E-14  2.658E-21  1.000E-30  1.000E-30
  3.920E+05  1.0000E+03   187.56 0.09644  7.888E-13  2.694E-02  9.461E-01  5.558E-13  2.600E-04  4.600E-04  1.323E-14  2.659E-21  1.000E-30  1.000E-30
  3.930E+05  1.0000E+03   188.77 0.09644  7.938E-13  2.693E-02  9.461E-01  5.565E-13  2.600E-04  4.600E-04  1.326E-14  2.653E-21  1.000E-30  1.000E-30
  3.940E+05  1.0000E+03   189.51 0.09644  8.028E-13  2.694E-02  9.461E-01  5.576E-13  2.600E-04  4.600E-04  1.330E-14  2.646E-21  1.000E-30  1.000E-30
  3.950E+05  1.0000E+03   188.20 0.09644  8.081E-13  2.696E-02  9.461E-01  5.582E-13  2.600E-04  4.600E-04  1.332E-14  2.644E-21  1.000E-30  1.000E-30
  3.960E+05  1.0000E+03   188.53 0.09644  7.982E-13  2.696E-02  9.461E-01  5.569E-13  2.600E-04  4.600E-04  1.327E-14  2.653E-21  1.000E-30  1.000E-30
  3.970E+05  1.0000E+03   188.74 0.09644  8.007E-13  2.696E-02  9.461E-01  5.572E-13  2.600E-04  4.600E-04  1.328E-14  2.652E-21  1.000E-30  1.000E-30
  3.980E+05  1.0000E+03   188.18 0.09644  8.023E-13  2.697E-02  9.461E-01  5.574E-13  2.600E-04  4.600E-04  1.329E-14  2.651E-21  1.000E-30  1.000E-30
  3.990E+05  1.0000E+03   188.05 0.09644  7.981E-13  2.697E-02  9.461E-01  5.569E-13  2.600E-04  4.600E-04  1.327E-14  2.655E-21  1.000E-30  1.000E-30
  4.000E+05  1.0000E+03   188.51 0.09644  7.972E-13  2.697E-02  9.461E-01  5.568E-13  2.600E-04  4.600E-04  1.326E-14  2.656E-21  1.000E-30  1.000E-30
  4.010E+05  1.0000E+03   188.13 0.09644  8.008E-13  2.697E-02  9.461E-01  5.573E-13  2.600E-04  4.600E-04  1.328E-14  2.653E-21  1.000E-30  1.000E-30
  4.020E+05  1.0000E+03   187.81 0.09644  7.979E-13  2.697E-02  9.461E-01  5.569E-13  2.600E-04  4.600E-04  1.327E-14  2.656E-21  1.000E-30  1.000E-30
  4.030E+05  1.0000E+03   188.82 0.09644  7.956E-13  2.696E-02  9.461E-01  5.566E-13  2.600E-04  4.600E-04  1.326E-14  2.657E-21  1.000E-30  1.000E-30
  4.040E+05  1.0000E+03   188.93 0.09644  8.032E-13  2.697E-02  9.461E-01  5.576E-13  2.600E-04  4.600E-04  1.329E-14  2.651E-21  1.000E-30  1.000E-30
  4.050E+05  1.0000E+03   189.26 0.09644  8.039E-13  2.698E-02  9.460E-01  5.577E-13  2.600E-04  4.600E-04  1.329E-14  2.651E-21  1.000E-30  1.000E-30
  4.060E+05  1.0000E+03   188.77 0.09644  8.063E-13  2.699E-02  9.460E-01  5.579E-13  2.600E-04  4.600E-04  1.330E-14  2.651E-21  1.000E-30  1.000E-30
  4.070E+05  1.0000E+03   187.91 0.09644  8.027E-13  2.699E-02  9.460E-01  5.575E-13  2.600E-04  4.600E-04  1.328E-14  2.655E-21  1.000E-30  1.000E-30
  4.080E+05  1.0000E+03   187.93 0.09644  7.964E-13  2.698E-02  9.460E-01  5.567E-13  2.600E-04  4.600E-04  1.326E-14  2.660E-21  1.000E-30  1.000E-30
  4.090E+05  1.0000E+03   188.49 0.09644  7.966E-13  2.698E-02  9.460E-01  5.568E-13  2.600E-04  4.600E-04  1.326E-14  2.659E-21  1.000E-30  1.000E-30
  4.100E+05  1.0000E+03   187.60 0.09644  8.009E-13  2.698E-02  9.460E-01  5.573E-13  2.600E-04  4.600E-04  1.328E-14  2.655E-21  1.000E-30  1.000E-30
  4.110E+05  1.0000E+03   188.06 0.09644  7.942E-13  2.697E-02  9.461E-01  5.565E-13  2.600E-04  4.600E-04  1.325E-14  2.661E-21  1.000E-30  1.000E-30
  4.120E+05  1.0000E+03   187.67 0.09644  7.978E-13  2.697E-02  9.461E-01  5.570E-13  2.600E-04  4.600E-04  1.327E-14  2.657E-21  1.000E-30  1.000E-30
  4.130E+05  1.0000E+03   188.66 0.09644  7.949E-13  2.697E-02  9.461E-01  5.566E-13  2.600E-04  4.600E-04  1.326E-14  2.659E-21  1.000E-30  1.000E-30
  4.140E+05  1.0000E+03   188.55 0.09644  8.022E-13  2.697E-02  9.461E-01  5.575E-13  2.600E-04  4.600E-04  1.329E-14  2.652E-21  1.000E-30  1.000E-30
  4.150E+05  1.0000E+03   187.81 0.09644  8.014E-13  2.697E-02  9.461E-01  5.574E-13  2.600E-04  4.600E-04  1.328E-14  2.654E-21  1.000E-30  1.000E-30
  4.160E+05  1.0000E+03   188.19 0.09644  7.958E-13  2.697E-02  9.461E-01  5.567E-13  2.600E-04  4.600E-04  1.326E-14  2.658E-21  1.000E-30  1.000E-30
  4.170E+05  1.0000E+03   188.84 0.09644  7.986E-13  2.697E-02  9.461E-01  5.571E-13  2.600E-04  4.600E-04  1.327E-14  2.655E-21  1.000E-30  1.000E-30
  4.180E+05  1.0000E+03   188.34 0.09644  8.035E-13  2.697E-02  9.460E-01  5.577E-13  2.600E-04  4.600E-04  1.329E-14  2.652E-21  1.000E-30  1.000E-30
  4.190E+05  1.0000E+03   187.72 0.09644  7.996E-13  2.697E-02  9.460E-01  5.572E-13  2.600E-04  4.600E-04  1.327E-14  2.655E-21  1.000E-30  1.000E-30
  4.200E+05  1.0000E+03   187.85 0.09644  7.951E-13  2.697E-02  9.461E-01  5.566E-13  2.600E-04  4.600E-04  1.325E-14  2.659E-21  1.000E-30  1.000E-30
  4.210E+05  1.0000E+03   188.56 0.09644  7.961E-13  2.697E-02  9.461E-01  5.568E-13  2.600E-04  4.600E-04  1.326E-14  2.657E-21  1.000E-30  1.000E-30
  4.220E+05  1.0000E+03   189.21 0.09644  8.014E-13  2.697E-02  9.461E-01  5.574E-13  2.600E-04  4.600E-04  1.329E-14  2.653E-21  1.000E-30  1.000E-30
  4.230E+05  1.0000E+03   188.80 0.09644  8.062E-13  2.698E-02  9.460E-01  5.580E-13  2.600E-04  4.600E-04  1.331E-14  2.650E-21  1.000E-30  1.000E-30
  4.240E+05  1.0000E+03   188.13 0.09644  8.030E-13  2.698E-02  9.460E-01  5.576E-13  2.600E-04  4.600E-04  1.329E-14  2.654E-21  1.000E-30  1.000E-30
  4.250E+05  1.0000E+03   188.15 0.09644  7.980E-13  2.698E-02  9.460E-01  5.569E-13  2.600E-04  4.600E-04  1.327E-14  2.658E-21  1.000E-30  1.000E-30
  4.260E+05  1.0000E+03   187.44 0.09644  7.982E-13  2.698E-02  9.460E-01  5.570E-13  2.600E-04  4.600E-04  1.327E-14  2.658E-21  1.000E-30  1.000E-30
  4.270E+05  1.0000E+03   188.44 0.09644  7.931E-13  2.697E-02  9.461E-01  5.564E-13  2.600E-04  4.600E-04  1.324E-14  2.661E-21  1.000E-30  1.000E-30
  4.280E+05  1.0000E+03   188.91 0.09644  8.006E-13  2.697E-02  9.461E-01  5.573E-13  2.600E-04  4.600E-04  1.328E-14  2.654E-21  1.000E-30  1.000E-30
  4.290E+05  1.0000E+03   189.29 0.09644  8.040E-13  2.698E-02  9.460E-01  5.577E-13  2.600E-04  4.600E-04  1.330E-14  2.652E-21  1.000E-30  1.000E-30
  4.300E+05  1.0000E+03   188.64 0.09644  8.067E-13  2.699E-02  9.460E-01  5.580E-13  2.600E-04  4.600E-04  1.331E-14  2.651E-21  1.000E-30  1.000E-30
  4.310E+05  1.0000E+03   187.94 0.09644  8.019E-13  2.699E-02  9.460E-01  5.574E-13  2.600E-04  4.600E-04  1.328E-14  2.656E-21  1.000E-30  1.000E-30
  4.320E+05  1.0000E+03   188.82 0.09644  7.967E-13  2.698E-02  9.460E-01  5.568E-13  2.600E-04  4.600E-04  1.326E-14  2.660E-21  1.000E-30  1.000E-30
  4.330E+05  1.0000E+03   188.37 0.09644  8.034E-13  2.699E-02  9.460E-01  5.576E-13  2.600E-04  4.600E-04  1.329E-14  2.654E-21  1.000E-30  1.000E-30
  4.340E+05  1.0000E+03   187.76 0.09644  8.000E-13  2.699E-02  9.460E-01  5.572E-13  2.600E-04  4.600E-04  1.327E-14  2.658E-21  1.000E-30  1.000E-30
  4.350E+05  1.0000E+03   188.71 0.09644  7.955E-13  2.698E-02  9.460E-01  5.567E-13  2.600E-04  4.600E-04  1.325E-14  2.661E-21  1.000E-30  1.000E-30
  4.360E+05  1.0000E+03   188.99 0.09644  8.027E-13  2.698E-02  9.460E-01  5.576E-13  2.600E-04  4.600E-04  1.329E-14  2.655E-21  1.000E-30  1.000E-30
  4.370E+05  1.0000E+03   189.16 0.09644  8.046E-13  2.699E-02  9.460E-01  5.578E-13  2.600E-04  4.600E-04  1.330E-14  2.654E-21  1.000E-30  1.000E-30
  4.380E+05  1.0000E+03   188.67 0.09644  8.058E-13  2.700E-02  9.460E-01  5.579E-13  2.600E-04  4.600E-04  1.330E-14  2.654E-21  1.000E-30  1.000E-30
  4.390E+05  1.0000E+03   187.81 0.09644  8.022E-13  2.700E-02  9.460E-01  5.575E-13  2.600E-04  4.600E-04  1.328E-14  2.658E-21  1.000E-30  1.000E-30
  4.400E+05  1.0000E+03   188.19 0.09644  7.958E-13  2.699E-02  9.460E-01  5.567E-13  2.600E-04  4.600E-04  1.325E-14  2.663E-21  1.000E-30  1.000E-30
  4.410E+05  1.0000E+03   188.71 0.09644  7.988E-13  2.699E-02  9.460E-01  5.571E-13  2.600E-04  4.600E-04  1.327E-14  2.659E-21  1.000E-30  1.000E-30
  4.420E+05  1.0000E+03   188.77 0.09644  8.027E-13  2.699E-02  9.460E-01  5.576E-13  2.600E-04  4.600E-04  1.329E-14  2.656E-21  1.000E-30  1.000E-30
  4.430E+05  1.0000E+03   188.52 0.09644  8.031E-13  2.699E-02  9.460E-01  5.576E-13  2.600E-04  4.600E-04  1.329E-14  2.656E-21  1.000E-30  1.000E-30
  4.440E+05  1.0000E+03   187.33 0.09644  8.012E-13  2.700E-02  9.460E-01  5.574E-13  2.600E-04  4.600E-04  1.328E-14  2.658E-21  1.000E-30  1.000E-30
  4.450E+05  1.0000E+03   187.68 0.09644  7.923E-13  2.698E-02  9.460E-01  5.563E-13  2.600E-04  4.600E-04  1.324E-14  2.665E-21  1.000E-30  1.000E-30
  4.460E+05  1.0000E+03   187.89 0.09644  7.951E-13  2.698E-02  9.460E-01  5.567E-13  2.600E-04  4.600E-04  1.325E-14  2.661E-21  1.000E-30  1.000E-30
  4.470E+05  1.0000E+03   188.42 0.09644  7.967E-13  2.697E-02  9.461E-01  5.569E-13  2.600E-04  4.600E-04  1.326E-14  2.658E-21  1.000E-30  1.000E-30
  4.480E+05  1.0000E+03   187.57 0.09644  8.006E-13  2.697E-02  9.460E-01  5.574E-13  2.600E-04  4.600E-04  1.328E-14  2.655E-21  1.000E-30  1.000E-30
  4.490E+05  1.0000E+03   188.77 0.09644  7.942E-13  2.697E-02  9.461E-01  5.566E-13  2.600E-04  4.600E-04  1.325E-14  2.660E-21  1.000E-30  1.000E-30
  4.500E+05  1.0000E+03   188.95 0.09644  8.032E-13  2.697E-02  9.461E-01  5.577E-13  2.600E-04  4.600E-04  1.329E-14  2.652E-21  1.000E-30  1.000E-30
  4.510E+05  1.0000E+03   189.23 0.09644  8.044E-13  2.698E-02  9.460E-01  5.578E-13  2.600E-04  4.600E-04  1.330E-14  2.652E-21  1.000E-30  1.000E-30
  4.520E+05  1.0000E+03   187.93 0.09644  8.063E-13  2.699E-02  9.460E-01  5.580E-13  2.600E-04  4.600E-04  1.330E-14  2.651E-21  1.000E-30  1.000E-30
  4.530E+05  1.0000E+03   187.52 0.09644  7.966E-13  2.698E-02  9.460E-01  5.568E-13  2.600E-04  4.600E-04  1.326E-14  2.660E-21  1.000E-30  1.000E-30
